     0/299        0G    0.1194   0.01248   0.02732    0.1592         2       320   0.00114   0.04916 0.0001622 3.781e-05    0.1197   0.01093   0.02655
     1/299        0G    0.1038   0.01046   0.02315    0.1375         3       320  0.001569    0.1943 0.0006014 9.025e-05    0.1055   0.01112   0.02054
     2/299        0G   0.09603   0.01059   0.01691    0.1235         2       320   0.01135     0.278   0.00814  0.001787   0.09602   0.01163   0.01307
     3/299        0G    0.0867   0.01079   0.01018    0.1077         2       320    0.1529    0.2069    0.1265   0.03856   0.08163   0.01298  0.005868
     4/299        0G   0.07799   0.01129  0.005047   0.09433         1       320    0.1303    0.2069    0.1193   0.02147   0.08497   0.01183  0.002675
     5/299        0G   0.07645   0.01128  0.003414   0.09114         2       320      0.73    0.2931     0.235   0.06698   0.07791    0.0113  0.002279
     6/299        0G   0.06736   0.01144  0.002673   0.08147         2       320    0.7261    0.4224     0.299   0.09521   0.06611   0.01221  0.001901
     7/299        0G   0.06419   0.01122  0.002032   0.07744         2       320     0.789    0.4397    0.3741    0.1253   0.06377   0.01124  0.001432
     8/299        0G   0.05872    0.0108  0.001886   0.07141         2       320    0.8285    0.3962    0.3989    0.1479   0.05852   0.01083  0.001341
     9/299        0G   0.05771   0.01027  0.001712    0.0697         2       320    0.9259    0.4655    0.5153    0.2312   0.05296   0.01106   0.00142
    10/299        0G   0.05464   0.01018  0.001562   0.06638         2       320    0.7856    0.4483    0.4743    0.1311   0.05224   0.01048   0.00132
    11/299        0G   0.05493  0.009895  0.001344   0.06617         2       320    0.8923    0.4741    0.5199    0.2511   0.04881   0.01028  0.001266
    12/299        0G   0.05439  0.009604   0.00156   0.06556         2       320    0.5456    0.7297    0.6872     0.329   0.04595   0.01046   0.00141
    13/299        0G   0.04842   0.00965  0.001386   0.05945         2       320    0.9008    0.4914    0.4633    0.2451   0.05215  0.009504  0.001388
    14/299        0G   0.04808  0.009533  0.001363   0.05898         3       320    0.3405    0.7162    0.5126    0.1956   0.04757  0.009272  0.001311
    15/299        0G   0.04716  0.009066  0.001294   0.05752         2       320    0.9219    0.4654    0.5057    0.1595   0.05627  0.008466  0.001157
    16/299        0G   0.05329  0.008726  0.001391   0.06341         2       320    0.4999    0.6892    0.6266    0.3084   0.04608   0.00931  0.001345
    17/299        0G   0.04691  0.009074  0.001314   0.05729         2       320    0.6197    0.5946    0.6128     0.278   0.04366  0.008747  0.001227
    18/299        0G   0.04404  0.008813  0.001261   0.05411         2       320    0.7655    0.6351    0.7063      0.31   0.04176  0.008657  0.001172
    19/299        0G   0.04353  0.008365  0.001198    0.0531         2       320    0.8369    0.7297    0.7822    0.3761   0.04054  0.008384  0.001126
    20/299        0G   0.04462  0.007887  0.001209   0.05372         3       320    0.7559    0.7162    0.7582    0.3269   0.04137  0.008252  0.001049
    21/299        0G   0.04539   0.00807  0.001281   0.05475         4       320    0.9556    0.6892    0.7782    0.4183   0.03901   0.00836  0.001206
    22/299        0G   0.04212  0.007684  0.001135   0.05094         2       320    0.8143    0.7703    0.8325    0.3864   0.04094  0.007557   0.00099
    23/299        0G   0.04467   0.00768  0.001269   0.05362         2       320    0.9389    0.8243     0.898    0.3397   0.04093  0.007891  0.001105
    24/299        0G   0.04164   0.00749  0.001291   0.05042         2       320     0.845    0.8514     0.888    0.3641   0.03827  0.007551 0.0009462
    25/299        0G   0.04154  0.007397  0.001079   0.05001         2       320    0.9181    0.7955     0.895     0.485   0.03661  0.007412 0.0009735
    26/299        0G   0.04138  0.007115  0.001217   0.04972         2       320    0.7277    0.7973    0.7183    0.3364   0.04027  0.007054 0.0009984
    27/299        0G   0.04039  0.007149   0.00122   0.04876         2       320    0.9438    0.7973    0.8781    0.4501   0.03583   0.00742  0.001075
    28/299        0G   0.03741  0.007083  0.001145   0.04564         3       320    0.8751    0.8768      0.89    0.4955   0.03383  0.007042 0.0009185
    29/299        0G   0.03944  0.007218  0.001098   0.04775         2       320    0.9019    0.8905     0.906    0.4559   0.03401  0.006793 0.0009242
    30/299        0G   0.03593  0.006916  0.001167   0.04402         2       320    0.8592    0.8509    0.8593    0.4827     0.035  0.006784 0.0008861
    31/299        0G   0.03838  0.006717 0.0009967   0.04609         3       320    0.7992    0.7703     0.742     0.384   0.03498  0.006512 0.0009171
    32/299        0G   0.03788  0.006568  0.001175   0.04562         3       320    0.9449    0.8919    0.9345    0.5625   0.03059  0.006791  0.001051
    33/299        0G   0.03523  0.006759  0.001134   0.04313         2       320    0.9238    0.9324    0.9296    0.5493   0.03176  0.006506  0.001015
    34/299        0G   0.03684  0.006668  0.001054   0.04456         2       320     0.965     0.905    0.9406    0.4895   0.03226  0.006451 0.0009787
    35/299        0G   0.03405  0.006412  0.001141    0.0416         2       320    0.8926    0.7973     0.858    0.4315   0.03252  0.006366  0.000901
    36/299        0G   0.03703  0.006566 0.0009796   0.04458         3       320    0.9259    0.9459    0.9541    0.5769   0.03211  0.006161  0.000946
    37/299        0G    0.0357  0.006271   0.00117   0.04314         3       320     0.958    0.8649    0.9366    0.5672    0.0309  0.006249 0.0009445
    38/299        0G   0.03546  0.006274  0.001028   0.04277         2       320    0.9483    0.9324    0.9406    0.5553   0.03031  0.006186  0.001066
    39/299        0G   0.03285  0.006177  0.001056   0.04008         4       320    0.9645    0.9189    0.9463    0.5709   0.03165  0.005999 0.0008443
    40/299        0G     0.034  0.006105 0.0009442   0.04105         2       320    0.9205    0.8243    0.8928    0.4827   0.03407  0.005974 0.0009604
    41/299        0G   0.03446  0.005891  0.001146    0.0415         2       320    0.9594    0.8918     0.951    0.5124   0.02894   0.00599 0.0009282
    42/299        0G   0.03477  0.006034  0.001117   0.04192         2       320    0.9515    0.9189    0.9451    0.5613   0.03367  0.005915  0.001031
    43/299        0G   0.03364  0.006089  0.001093   0.04082         2       320    0.9861    0.8783    0.9534    0.5615    0.0276  0.006291 0.0009824
    44/299        0G   0.03292  0.006122 0.0009753   0.04002         2       320    0.9681    0.9729    0.9699    0.5801   0.02952  0.005822 0.0008826
    45/299        0G   0.03169   0.00614  0.000861   0.03869         2       320    0.9907    0.9187    0.9697    0.5494   0.03028  0.005711 0.0008532
    46/299        0G   0.03176  0.005934 0.0008588   0.03855         2       320     0.992    0.9459    0.9758    0.6218   0.02663  0.005773 0.0008114
    47/299        0G   0.03108  0.005707 0.0008615   0.03765         3       320    0.7557    0.9054    0.7808    0.4226   0.03178  0.005527 0.0008003
    48/299        0G   0.03117  0.005586 0.0008745   0.03763         2       320    0.9813    0.9457    0.9724    0.5695   0.02743  0.005425 0.0008013
    49/299        0G   0.03261  0.005578 0.0008542   0.03904         3       320    0.9792    0.9458    0.9655    0.5219   0.03097  0.005412 0.0008268
    50/299        0G   0.03145  0.005556 0.0009832   0.03799         2       320    0.9629    0.9189    0.9474    0.4979   0.03003  0.005213 0.0009105
    51/299        0G   0.03225  0.005507  0.001016   0.03877         2       320    0.9633    0.9459    0.9686    0.6134    0.0278  0.005421 0.0009515
    52/299        0G   0.03081  0.005359  0.001018   0.03718         2       320    0.8901    0.9324     0.923    0.5178   0.03069  0.005288 0.0008011
    53/299        0G    0.0304   0.00545 0.0008742   0.03672         3       320    0.9662    0.9594    0.9666    0.5407    0.0283  0.005278 0.0007834
    54/299        0G   0.03163  0.005384 0.0008585   0.03787         2       320    0.9785    0.9324    0.9514    0.5105   0.02936  0.005187 0.0008685
    55/299        0G   0.02997  0.005438 0.0009416   0.03635         2       320    0.9234    0.9185    0.9315    0.4745   0.02698  0.005497 0.0007407
    56/299        0G   0.02873  0.005561 0.0007538   0.03504         2       320    0.9791     0.973    0.9809    0.6145   0.02624  0.005071 0.0007082
    57/299        0G   0.03008  0.005228 0.0007531   0.03606         2       320    0.9412     0.973    0.9605    0.5535   0.02787   0.00507  0.000669
    58/299        0G   0.03112  0.005297  0.000779    0.0372         2       320    0.7418    0.9456    0.7361     0.414   0.03339  0.005157   0.00081
    59/299        0G   0.03412  0.005276 0.0009938   0.04039         2       320     0.892    0.9317    0.8913    0.5021    0.0294  0.005204  0.001109
    60/299        0G    0.0301  0.005489   0.00116   0.03675         5       320    0.8844    0.8774    0.8905    0.4771   0.02914  0.005021 0.0007909
    61/299        0G    0.0309  0.005254  0.000883   0.03704         4       320    0.9814    0.9593    0.9763    0.6034   0.02656  0.005108 0.0008087
    62/299        0G   0.02894   0.00527 0.0008299   0.03504         2       320    0.9425     0.973    0.9688    0.5841   0.02667   0.00492 0.0008144
    63/299        0G   0.02978  0.005263 0.0008815   0.03592         2       320    0.9802     0.973    0.9695    0.4939   0.02893  0.004982  0.000761
    64/299        0G   0.02838   0.00508 0.0007861   0.03425         2       320    0.9673    0.9459    0.9575     0.526   0.02875  0.004968 0.0008741
    65/299        0G   0.02996  0.005041 0.0007762   0.03577         2       320    0.9928    0.9595    0.9831    0.6492   0.02617  0.004961 0.0007691
    66/299        0G   0.02947  0.005065 0.0008892   0.03542         2       320    0.9818     0.973    0.9832    0.6127   0.02719  0.004852 0.0007981
    67/299        0G     0.028  0.005046   0.00078   0.03383         2       320    0.9701     0.973    0.9804    0.5734   0.02661  0.004833 0.0008458
    68/299        0G   0.02931  0.004983  0.000857   0.03515         2       320    0.9784    0.9728    0.9832    0.5979   0.02584  0.005067 0.0006542
    69/299        0G   0.02935  0.005159 0.0007573   0.03527         2       320    0.9834    0.9729    0.9828     0.646   0.02492   0.00473 0.0006947
    70/299        0G   0.02759  0.005032 0.0007276   0.03335         2       320    0.9218    0.9595    0.9343    0.5026   0.02674   0.00474 0.0006717
    71/299        0G   0.02731  0.004759 0.0006406   0.03271         2       320    0.9953     0.973    0.9847    0.5664   0.02667  0.004633  0.000739
    72/299        0G   0.02841  0.005093 0.0008315   0.03434         2       320    0.9814    0.9865    0.9832    0.6393   0.02518  0.004854 0.0007848
    73/299        0G   0.02779  0.005005 0.0006935   0.03349         3       320    0.9794    0.9865    0.9726    0.5662   0.02583  0.004664 0.0006071
    74/299        0G   0.02744  0.005016 0.0006724   0.03313         2       320    0.9934    0.9729    0.9839    0.6301   0.02661  0.004661 0.0007188
    75/299        0G   0.02931  0.005004 0.0007408   0.03505         2       320    0.9212    0.9592    0.9655    0.5648   0.02692  0.004604 0.0006364
    76/299        0G   0.02916  0.004911 0.0007419   0.03482         3       320    0.9936    0.9865    0.9851    0.6122   0.02528  0.004569 0.0007994
    77/299        0G   0.02747  0.005151 0.0008308   0.03346         2       320    0.9952    0.9865    0.9851    0.6294   0.02482  0.004553 0.0007051
    78/299        0G   0.02762  0.004746 0.0007006   0.03307         3       320    0.9938    0.9729    0.9805    0.5008    0.0266  0.004633 0.0006512
    79/299        0G   0.02783  0.004887 0.0007276   0.03344         2       320     0.981    0.9729    0.9829    0.6312   0.02543  0.004512 0.0007195
    80/299        0G   0.02792  0.004954 0.0007813   0.03366         2       320    0.9779    0.9838    0.9796    0.6576    0.0242  0.004534 0.0006273
    81/299        0G   0.02614  0.004813 0.0006299   0.03158         2       320    0.9808    0.9729    0.9693    0.5939   0.02578  0.004495 0.0006755
    82/299        0G   0.02552  0.004465  0.000666   0.03065         2       320    0.9955     0.973    0.9821    0.6106   0.02692  0.004463 0.0007592
    83/299        0G   0.02697  0.004797   0.00071   0.03248         2       320    0.9915    0.9861    0.9851    0.6562   0.02387   0.00445 0.0007334
    84/299        0G   0.02588   0.00468 0.0007327   0.03129         2       320    0.9968     0.973    0.9847    0.6066   0.02564  0.004402 0.0006803
    85/299        0G   0.02582  0.004552 0.0007066   0.03108         3       320    0.9808     0.973     0.981    0.6204   0.02467  0.004416 0.0006429
    86/299        0G   0.02713  0.004562 0.0006149   0.03231         2       320    0.9958     0.973    0.9807    0.6323   0.02538   0.00442 0.0007732
    87/299        0G   0.02736  0.004572 0.0007537   0.03269         2       320    0.9798    0.9864      0.98    0.6442   0.02493  0.004377 0.0007185
    88/299        0G   0.02775  0.004567 0.0007489   0.03307         2       320    0.9954     0.973    0.9836    0.6601   0.02504  0.004532 0.0007778
    89/299        0G   0.02667    0.0048 0.0007485   0.03222         2       320    0.9961     0.973    0.9847    0.6355   0.02433  0.004347 0.0007286
    90/299        0G   0.02606  0.004394 0.0007048   0.03116         2       320    0.9963     0.973    0.9847    0.6468   0.02522   0.00446 0.0006802
    91/299        0G   0.02624  0.004465 0.0005793   0.03128         2       320    0.9923    0.9864    0.9851    0.5947   0.02619  0.004359 0.0006702
    92/299        0G   0.02623  0.004593 0.0006198   0.03144         2       320    0.9788    0.9865    0.9836    0.5999   0.02493  0.004377 0.0006755
    93/299        0G   0.02563  0.004572  0.000706   0.03091         2       320    0.9952     0.973    0.9847    0.6459   0.02537   0.00435 0.0007882
    94/299        0G   0.02629  0.004638 0.0007198   0.03165         2       320    0.9951     0.973    0.9833    0.6483   0.02334   0.00437 0.0007102
    95/299        0G   0.02544  0.004604 0.0006772   0.03072         2       320    0.9797    0.9865    0.9843    0.5802   0.02777  0.004383 0.0008562
    96/299        0G   0.02756  0.004599 0.0007525   0.03291         3       320    0.9948     0.973    0.9843     0.642   0.02428    0.0044  0.000959
    97/299        0G    0.0253  0.004473 0.0008028   0.03058         4       320    0.9575    0.9729    0.9585    0.6123    0.0246  0.004349 0.0006866
    98/299        0G    0.0253  0.004481 0.0006104   0.03039         2       320     0.979     0.973    0.9682    0.5819    0.0257  0.004342 0.0007203
    99/299        0G   0.02574  0.004348 0.0006456   0.03073         2       320    0.9959    0.9865    0.9851    0.6485   0.02434  0.004319 0.0007382
   100/299        0G   0.02611   0.00451 0.0006881   0.03131         2       320    0.9928    0.9865    0.9851     0.672   0.02332  0.004266 0.0007535
   101/299        0G   0.02557  0.004527 0.0008474   0.03094         3       320    0.9968    0.9865    0.9851    0.6458   0.02426  0.004275 0.0007513
   102/299        0G   0.02484  0.004444 0.0006579   0.02995         2       320    0.9947    0.9865    0.9851    0.6412   0.02326  0.004295 0.0005836
   103/299        0G   0.02464  0.004457 0.0006008    0.0297         2       320    0.9956    0.9865    0.9851    0.6298   0.02427  0.004213 0.0005981
   104/299        0G   0.02446  0.004345 0.0005769   0.02938         2       320    0.9969    0.9865    0.9851    0.6923   0.02353  0.004205 0.0005981
   105/299        0G   0.02416  0.004241 0.0005915     0.029         2       320    0.9955    0.9865    0.9851     0.685   0.02327   0.00422 0.0006223
   106/299        0G   0.02428  0.004308 0.0006406   0.02923         2       320    0.9955    0.9865    0.9851    0.6315   0.02294  0.004322 0.0006424
   107/299        0G   0.02411  0.004469 0.0005957   0.02917         2       320    0.9959    0.9865    0.9851    0.6905   0.02243  0.004198 0.0006363
   108/299        0G   0.02399   0.00439 0.0005852   0.02896         3       320    0.9947    0.9865    0.9851    0.6515   0.02321  0.004191 0.0005684
   109/299        0G   0.02318  0.004187 0.0005289    0.0279         4       320    0.9962    0.9865    0.9851     0.619   0.02445  0.004143 0.0005831
   110/299        0G   0.02492  0.004437 0.0006072   0.02997         2       320    0.9964    0.9865    0.9851    0.6932   0.02281  0.004142  0.000586
   111/299        0G   0.02403  0.004284 0.0005161   0.02883         2       320    0.9956    0.9865    0.9851    0.6635   0.02388  0.004175 0.0005218
   112/299        0G   0.02363  0.004355 0.0005232   0.02851         3       320    0.9965    0.9865    0.9851    0.6657   0.02281  0.004149 0.0005258
   113/299        0G   0.02374  0.004364 0.0004687   0.02857         3       320    0.9976    0.9865    0.9851    0.6595   0.02412  0.004128 0.0004812
   114/299        0G   0.02447  0.004375 0.0004802   0.02932         2       320    0.9952    0.9865    0.9851     0.636   0.02603  0.004194 0.0005206
   115/299        0G   0.02492  0.004291 0.0004671   0.02968         5       320    0.9959    0.9865    0.9851    0.6658   0.02473  0.004075 0.0004761
   116/299        0G   0.02465  0.004264 0.0005201   0.02943         2       320    0.9957    0.9865    0.9852    0.5967   0.02478  0.004123  0.000551
   117/299        0G   0.02535  0.004355 0.0005658   0.03027         2       320    0.9944    0.9864    0.9851    0.6883   0.02311  0.004145 0.0005959
   118/299        0G    0.0242  0.004371  0.000597   0.02917         2       320    0.9977    0.9865    0.9852    0.6621    0.0239   0.00412 0.0005909
   119/299        0G   0.02386   0.00431 0.0006131   0.02879         2       320    0.9964    0.9865    0.9852    0.6763   0.02294  0.004102 0.0005498
   120/299        0G   0.02424  0.004254 0.0005298   0.02903         2       320    0.9975    0.9865    0.9852    0.6746   0.02291  0.004061 0.0005228
   121/299        0G    0.0236   0.00405 0.0005308   0.02818         2       320    0.9826    0.9865    0.9843    0.6494   0.02347  0.004129 0.0005584
   122/299        0G   0.02442  0.004331 0.0005792   0.02933         2       320    0.9963    0.9865    0.9851    0.6884   0.02261   0.00408 0.0006569
   123/299        0G   0.02304  0.003992 0.0005863   0.02762         2       320    0.9978    0.9865    0.9851    0.6778   0.02265  0.004028 0.0005921
   124/299        0G   0.02307   0.00413 0.0005743   0.02778         4       320    0.9947    0.9865    0.9852    0.6552   0.02382  0.004046 0.0005598
   125/299        0G   0.02434  0.004222 0.0005171   0.02908         2       320    0.9961    0.9865    0.9852     0.683   0.02206  0.004006 0.0006632
   126/299        0G   0.02397   0.00421  0.000684   0.02886         2       320    0.9966    0.9865    0.9852    0.6562   0.02287  0.004066 0.0005887
   127/299        0G   0.02435  0.004252 0.0006196   0.02922         5       320    0.9951    0.9864    0.9852    0.6929   0.02308  0.004103 0.0005897
   128/299        0G   0.02342  0.004043 0.0005074   0.02797         2       320    0.8971    0.9324    0.9405    0.5513   0.02446  0.004054 0.0007251
   129/299        0G    0.0236   0.00397 0.0006254    0.0282         3       320    0.9959    0.9864    0.9852    0.6933   0.02261  0.004044 0.0005605
   130/299        0G   0.02519  0.004018 0.0005227   0.02973         2       320    0.9936    0.9865    0.9852    0.6596   0.02328   0.00411 0.0007058
   131/299        0G   0.02418  0.004279 0.0006155   0.02907         2       320    0.9967    0.9862    0.9852    0.6506   0.02294  0.004066 0.0007314
   132/299        0G   0.02393  0.004191 0.0006197   0.02874         2       320     0.996     0.973    0.9848    0.6738   0.02282  0.004035  0.000633
   133/299        0G   0.02323  0.004211 0.0005398   0.02798         2       320    0.9565    0.9865    0.9829    0.6157   0.02427  0.004073 0.0005563
   134/299        0G   0.02331  0.004149 0.0004955   0.02795         2       320    0.9962     0.973    0.9848    0.6794    0.0225  0.003966  0.000583
   135/299        0G   0.02222  0.004275 0.0005357   0.02703         2       320    0.9811    0.9865    0.9844    0.6377   0.02287   0.00395 0.0005075
   136/299        0G    0.0226  0.004116 0.0004914   0.02721         2       320    0.9961    0.9864    0.9852    0.7022   0.02303   0.00399  0.000573
   137/299        0G   0.02256  0.004012 0.0006585   0.02723         2       320    0.9965    0.9865    0.9852    0.6177   0.02382  0.004025 0.0005185
   138/299        0G   0.02364  0.004009 0.0005165   0.02816         4       320    0.9816    0.9865    0.9848    0.6972    0.0222  0.003985 0.0005557
   139/299        0G   0.02277  0.004126  0.000602   0.02749         2       320     0.997     0.973    0.9848     0.662   0.02285  0.003988 0.0005789
   140/299        0G   0.02356  0.004278 0.0005626    0.0284         2       320     0.997     0.973    0.9848    0.6671   0.02372  0.003967  0.000558
   141/299        0G   0.02388  0.004114 0.0005655   0.02856         2       320    0.9955    0.9864    0.9852    0.6457   0.02298  0.003963 0.0006006
   142/299        0G   0.02323  0.004054 0.0006518   0.02793         2       320    0.9966    0.9865    0.9852    0.6058    0.0234  0.003998 0.0005005
   143/299        0G   0.02312  0.004192 0.0004493   0.02776         2       320     0.995    0.9864    0.9852     0.658   0.02187  0.003973 0.0005024
   144/299        0G   0.02196  0.003961  0.000512   0.02643         2       320    0.9968    0.9864    0.9852    0.7056   0.02165    0.0039 0.0004359
   145/299        0G   0.02215  0.004099 0.0004375   0.02669         2       320    0.9836    0.9865    0.9844    0.6769   0.02219   0.00394  0.000447
   146/299        0G   0.02267  0.003972 0.0004715   0.02711         2       320    0.9977    0.9865    0.9852     0.712   0.02136  0.003902 0.0004809
   147/299        0G   0.02212  0.003874  0.000502    0.0265         2       320    0.9977    0.9865    0.9852    0.6671   0.02207  0.003952 0.0004978
   148/299        0G   0.02223  0.004015   0.00048   0.02672         2       320    0.9968    0.9862    0.9852    0.6951   0.02323  0.003916 0.0004925
   149/299        0G   0.02215  0.003922 0.0005008   0.02657         2       320    0.9971    0.9865    0.9852    0.6926   0.02145  0.003924 0.0004909
   150/299        0G   0.02246  0.004011 0.0004455   0.02692         5       320    0.9954    0.9864    0.9852    0.7225    0.0221  0.003923 0.0004721
   151/299        0G   0.02197  0.003974 0.0004694   0.02641         2       320    0.9974    0.9864    0.9852    0.7172   0.02065  0.003869 0.0004559
   152/299        0G   0.02224   0.00405 0.0004477   0.02674         2       320    0.9972    0.9865    0.9852    0.7336   0.02055  0.003854 0.0005338
   153/299        0G   0.02145  0.003999 0.0005311   0.02599         2       320    0.9833    0.9865    0.9848    0.6971   0.02146   0.00385 0.0004444
   154/299        0G   0.02147  0.004016 0.0004064   0.02589         1       320    0.9985    0.9862    0.9852    0.7001   0.02216  0.003863 0.0004619
   155/299        0G   0.02269  0.004133 0.0005041   0.02733         2       320    0.9977    0.9865    0.9852    0.6954   0.02121  0.003921 0.0004722
   156/299        0G   0.02157  0.003946 0.0004589   0.02598         2       320    0.9979    0.9864    0.9852    0.6696   0.02134  0.003877 0.0004173
   157/299        0G    0.0214  0.003844 0.0003867   0.02563         2       320    0.9835    0.9863    0.9837    0.6993    0.0218  0.003932 0.0003643
   158/299        0G   0.02205  0.004012 0.0004666   0.02653         2       320    0.9974    0.9865    0.9852    0.6938   0.02186  0.003931 0.0003935
   159/299        0G   0.02183   0.00384 0.0004151   0.02609         5       320     0.998    0.9865    0.9852    0.7075   0.02104  0.003917 0.0003945
   160/299        0G   0.02112  0.003908 0.0004202   0.02545         2       320     0.997    0.9865    0.9852    0.7236   0.02142  0.003835 0.0004114
   161/299        0G    0.0214  0.003798 0.0004211   0.02562         2       320    0.9971    0.9865    0.9852    0.7109   0.02092  0.003879 0.0004051
   162/299        0G    0.0211   0.00394 0.0003968   0.02544         4       320    0.9956    0.9865    0.9852    0.7078   0.02137  0.003867 0.0004002
   163/299        0G   0.02078  0.003834 0.0004073   0.02502         2       320    0.9986    0.9865    0.9852    0.6473   0.02343  0.003941 0.0003951
   164/299        0G   0.02291  0.004031  0.000469   0.02741         3       320    0.9962    0.9865    0.9852    0.6819   0.02161  0.003864 0.0004406
   165/299        0G   0.02047  0.003872 0.0004195   0.02476         2       320    0.9968    0.9865    0.9852    0.6971   0.02136  0.003901 0.0004252
   166/299        0G   0.02124  0.003866 0.0004182   0.02553         2       320    0.9978    0.9865    0.9852    0.6997   0.02178  0.003881 0.0003689
   167/299        0G   0.02085  0.003894 0.0003522    0.0251         2       320    0.9967    0.9865    0.9852    0.6705   0.02115  0.003859 0.0003418
   168/299        0G   0.02153  0.003864 0.0003368   0.02573         2       320    0.9966    0.9865    0.9852    0.6916   0.02251  0.003841 0.0003585
   169/299        0G   0.02139   0.00388 0.0003769   0.02565         2       320    0.9972    0.9865    0.9853     0.702   0.02165  0.003815 0.0003798
   170/299        0G   0.02194  0.003969 0.0003804   0.02629         2       320    0.9968    0.9865    0.9853    0.7157   0.02095  0.003849 0.0004419
   171/299        0G   0.02264  0.004019 0.0004796   0.02714         3       320    0.9962    0.9865    0.9853    0.7034   0.02087  0.003915 0.0004329
   172/299        0G    0.0209  0.003778 0.0004011   0.02508         2       320     0.997    0.9865    0.9853    0.7002   0.02077  0.003838 0.0004268
   173/299        0G   0.02156  0.003944 0.0004083   0.02592         2       320    0.9972    0.9864    0.9853    0.7026   0.02072  0.003806 0.0004231
   174/299        0G   0.02084  0.003877 0.0003828    0.0251         2       320    0.9965    0.9865    0.9853    0.7133   0.02131  0.003833 0.0004264
   175/299        0G   0.02073   0.00377 0.0004121   0.02492         2       320    0.9962    0.9865    0.9853    0.6935    0.0211   0.00383 0.0004359
   176/299        0G   0.02103  0.003977 0.0004552   0.02546         2       320    0.9972    0.9865    0.9853     0.641   0.02271  0.003814  0.000437
   177/299        0G   0.02138  0.003773 0.0004198   0.02557         2       320    0.9958    0.9865    0.9853    0.6946   0.02142  0.003923 0.0004493
   178/299        0G   0.02074  0.003984 0.0004286   0.02515         2       320    0.9969    0.9865    0.9853    0.7379   0.02036  0.003793 0.0004124
   179/299        0G    0.0203  0.003839 0.0003705   0.02451         2       320    0.9971    0.9865    0.9853     0.718   0.02082  0.003828 0.0003747
   180/299        0G   0.02094  0.003832  0.000385   0.02516         2       320    0.9974    0.9865    0.9853    0.7229   0.02072  0.003792 0.0003619
   181/299        0G   0.02144   0.00387 0.0003451   0.02565         3       320    0.9972    0.9865    0.9853    0.7011   0.02087  0.003829 0.0003566
   182/299        0G   0.02067  0.003816 0.0003801   0.02487         2       320    0.9957    0.9865    0.9853    0.7031   0.02158  0.003842 0.0003826
   183/299        0G   0.02097  0.003914 0.0003609   0.02524         2       320    0.9974    0.9865    0.9853    0.7233   0.02013  0.003829 0.0003894
   184/299        0G   0.02152  0.003862 0.0004217    0.0258         2       320    0.9962    0.9865    0.9853    0.7122   0.02055  0.003834 0.0003822
   185/299        0G   0.02044  0.003739 0.0003886   0.02457         2       320    0.9962    0.9865    0.9853    0.7344   0.01952  0.003772 0.0003689
   186/299        0G   0.02076  0.003918 0.0003748   0.02506         2       320    0.9972    0.9865    0.9853    0.7278   0.02054  0.003817 0.0003673
   187/299        0G   0.02018   0.00376 0.0003614    0.0243         2       320    0.9974    0.9865    0.9853    0.7318   0.02001  0.003781 0.0003447
   188/299        0G   0.02078  0.003638 0.0003195   0.02474         2       320    0.9964    0.9865    0.9853      0.72   0.02076  0.003771 0.0003379
   189/299        0G   0.02094  0.003906 0.0004021   0.02524         5       320    0.9967    0.9865    0.9853    0.7288   0.02071  0.003759 0.0003529
   190/299        0G   0.02143  0.003886 0.0003733   0.02569         4       320    0.9977    0.9865    0.9853    0.7206   0.02074  0.003759 0.0003743
   191/299        0G   0.02023  0.003771 0.0003734   0.02438         2       320    0.9982    0.9865    0.9853    0.7002   0.02136  0.003801 0.0003605
   192/299        0G   0.02099  0.003872 0.0004403   0.02531         2       320    0.9974    0.9865    0.9853    0.7176   0.02157  0.003767 0.0003847
   193/299        0G   0.02107  0.003738 0.0003739   0.02518         2       320     0.998    0.9865    0.9853    0.7021   0.02132  0.003781 0.0003801
   194/299        0G   0.02086  0.003702 0.0003836   0.02495         2       320    0.9971    0.9865    0.9853    0.7221   0.02099    0.0038  0.000405
   195/299        0G   0.02131  0.003872 0.0004201    0.0256         2       320     0.997    0.9865    0.9853    0.7438   0.01978  0.003768 0.0003986
   196/299        0G   0.02047  0.003895 0.0004818   0.02485         2       320     0.997    0.9865    0.9853    0.7308   0.02058  0.003739 0.0004011
   197/299        0G   0.02013  0.003751 0.0004301   0.02431         2       320    0.9972    0.9864    0.9853    0.7278   0.02054  0.003798 0.0003908
   198/299        0G   0.02037  0.003761 0.0003827   0.02451         2       320    0.9974    0.9864    0.9853     0.715   0.02189  0.003763 0.0003689
   199/299        0G   0.02095  0.003754 0.0004093   0.02511         2       320    0.9965    0.9865    0.9853    0.7041   0.02131  0.003787 0.0003636
   200/299        0G   0.02154  0.003872 0.0003759   0.02579         2       320    0.9968    0.9865    0.9853    0.7294   0.02062  0.003779 0.0003657
   201/299        0G   0.02025  0.003653  0.000362   0.02426         4       320    0.9968    0.9865    0.9853    0.7163   0.02042  0.003766 0.0003652
   202/299        0G   0.02047   0.00381  0.000353   0.02463         2       320    0.9972    0.9865    0.9853    0.7208   0.02068  0.003786 0.0003682
   203/299        0G   0.02028  0.003731 0.0004463   0.02446         2       320    0.9977    0.9865    0.9853    0.7251   0.02081  0.003765 0.0003752
   204/299        0G   0.02067   0.00376  0.000383   0.02481         2       320    0.9978    0.9865    0.9853    0.7122   0.02167  0.003768 0.0003835
   205/299        0G   0.02138  0.003762 0.0003759   0.02551         2       320    0.9979    0.9865    0.9853    0.7231   0.02054  0.003757 0.0003651
   206/299        0G   0.02042  0.003618 0.0003715   0.02441         2       320     0.998    0.9865    0.9853     0.721   0.02116  0.003745 0.0003687
   207/299        0G   0.01961  0.003514  0.000342   0.02346         3       320    0.9982    0.9865    0.9853     0.701    0.0209  0.003761 0.0003448
   208/299        0G   0.01988  0.003651 0.0003082   0.02384         2       320     0.998    0.9865    0.9853    0.6624   0.02177  0.003757 0.0003426
   209/299        0G   0.02052  0.003681 0.0003587   0.02456         2       320    0.9973    0.9865    0.9853    0.7225   0.02123  0.003755 0.0003432
   210/299        0G   0.02084  0.003837 0.0004665   0.02514         2       320    0.9965    0.9865    0.9853    0.7106   0.02047  0.003756 0.0003697
   211/299        0G   0.02089  0.003795 0.0003943   0.02508         2       320    0.9978    0.9865    0.9853    0.7244   0.02041  0.003735 0.0003463
   212/299        0G   0.02068  0.003741 0.0003388   0.02476         3       320    0.9977    0.9865    0.9853    0.7072   0.02079  0.003745 0.0003398
   213/299        0G   0.01967  0.003681 0.0006675   0.02402         2       320    0.9977    0.9865    0.9853    0.6936   0.02099  0.003743 0.0003305
   214/299        0G   0.02029  0.003945 0.0003103   0.02455         2       320    0.9975    0.9865    0.9853    0.7281   0.02063  0.003715  0.000316
   215/299        0G   0.01987  0.003669 0.0003202   0.02386         2       320    0.9973    0.9865    0.9853    0.7102   0.02039  0.003713 0.0003186
   216/299        0G   0.02036   0.00367 0.0003333   0.02436         2       320    0.9976    0.9865    0.9853    0.7183   0.02086   0.00373 0.0003437
   217/299        0G   0.02059  0.003829 0.0003943   0.02482         3       320    0.9967    0.9865    0.9853    0.7113   0.02023  0.003723 0.0003607
   218/299        0G    0.0204  0.003868 0.0003794   0.02465         2       320    0.9965    0.9865    0.9853    0.7277   0.02028  0.003745 0.0003494
   219/299        0G   0.01973  0.003743 0.0003463   0.02382         2       320    0.9972    0.9865    0.9853    0.7156   0.02011  0.003684 0.0003439
   220/299        0G   0.01954  0.003526 0.0003402    0.0234         2       320    0.9968    0.9865    0.9853    0.7284   0.02023  0.003712 0.0003487
   221/299        0G   0.01955  0.003749 0.0003496   0.02365         2       320    0.9979    0.9865    0.9853    0.7295   0.01988   0.00366 0.0003374
   222/299        0G   0.01953  0.003765 0.0003393   0.02363         2       320    0.9976    0.9865    0.9854    0.7236   0.02026  0.003679 0.0003269
   223/299        0G   0.02012  0.003842 0.0003252   0.02429         2       320    0.9978    0.9865    0.9853    0.7285   0.02036  0.003712 0.0003184
   224/299        0G    0.0191  0.003631 0.0003131   0.02304         2       320    0.9972    0.9865    0.9853    0.7164   0.02085  0.003732 0.0003193
   225/299        0G   0.01976  0.003575 0.0003249   0.02366         2       320    0.9979    0.9865    0.9853    0.7002   0.02047  0.003737 0.0003107
   226/299        0G   0.01926  0.003775  0.000308   0.02335         1       320    0.9976    0.9865    0.9854    0.6905   0.02129  0.003704 0.0003146
   227/299        0G   0.01953  0.003592 0.0003195   0.02345         3       320    0.9977    0.9865    0.9854    0.7232   0.02015  0.003657 0.0003055
   228/299        0G   0.02081  0.003688 0.0003282   0.02483         2       320    0.9962    0.9864    0.9853    0.7005   0.02004  0.003661 0.0003521
   229/299        0G   0.02031  0.003875  0.000371   0.02456         2       320    0.9969    0.9865    0.9854     0.713   0.02077  0.003674  0.000335
   230/299        0G   0.02079  0.003886 0.0003303   0.02501         1       320    0.9968    0.9865    0.9854    0.7199   0.01997  0.003671 0.0003394
   231/299        0G   0.02054  0.003757 0.0003681   0.02466         2       320    0.9971    0.9865    0.9854    0.7341   0.01986  0.003686 0.0003396
   232/299        0G   0.02001  0.003708 0.0003208   0.02403         2       320    0.9978    0.9865    0.9854    0.7222   0.02054  0.003678 0.0003309
   233/299        0G   0.02015  0.003736 0.0003446   0.02423         2       320    0.9979    0.9865    0.9854    0.7041   0.02025  0.003707 0.0003163
   234/299        0G   0.01961  0.003825 0.0003406   0.02377         5       320    0.9982    0.9865    0.9854    0.7221   0.02011  0.003682  0.000296
   235/299        0G   0.01962   0.00368 0.0003021    0.0236         4       320    0.9974    0.9865    0.9854    0.7302   0.02001  0.003648   0.00029
   236/299        0G   0.01964   0.00375 0.0002864   0.02368         4       320    0.9967    0.9865    0.9854    0.7352   0.01986   0.00365 0.0002919
   237/299        0G   0.01972  0.003807   0.00031   0.02384         2       320    0.9972    0.9864    0.9854    0.7155   0.02065  0.003695 0.0002895
   238/299        0G   0.01957  0.003651 0.0002915   0.02351         2       320    0.9973    0.9865    0.9854    0.7312   0.02021  0.003711 0.0002837
   239/299        0G   0.01892  0.003566 0.0002951   0.02278         2       320     0.997    0.9865    0.9854    0.7192   0.02014  0.003701 0.0002845
   240/299        0G   0.01891  0.003485 0.0003485   0.02274         5       320    0.9973    0.9865    0.9854    0.7258   0.02037  0.003729 0.0002852
   241/299        0G   0.01963  0.003698 0.0002814   0.02361         2       320    0.9975    0.9865    0.9854    0.7267    0.0199  0.003712 0.0002851
   242/299        0G   0.01897  0.003574 0.0002834   0.02283         2       320    0.9975    0.9865    0.9854    0.7288   0.02045  0.003715 0.0002801
   243/299        0G   0.01926    0.0038 0.0002801   0.02334         2       320     0.998    0.9865    0.9854    0.7298   0.01993  0.003687 0.0002725
   244/299        0G   0.01939  0.003708 0.0002909   0.02339         2       320     0.998    0.9865    0.9854     0.729   0.01962  0.003685 0.0002877
   245/299        0G   0.01929  0.003593 0.0002888   0.02317         3       320     0.998    0.9865    0.9854    0.7344   0.01962  0.003693 0.0002909
   246/299        0G   0.01936  0.003778 0.0002962   0.02343         2       320    0.9977    0.9865    0.9854    0.7297   0.01934  0.003652 0.0002825
   247/299        0G   0.01902  0.003581 0.0003105   0.02291         2       320    0.9976    0.9865    0.9854    0.7283   0.02058  0.003688 0.0002754
   248/299        0G   0.01901  0.003801 0.0002594   0.02307         2       320    0.9976    0.9865    0.9854     0.731   0.01987  0.003662 0.0002792
   249/299        0G   0.01977  0.003795 0.0002809   0.02385         2       320    0.9971    0.9865    0.9854    0.7271   0.02029  0.003703 0.0002812
   250/299        0G   0.02023  0.003662 0.0003212   0.02421         2       320    0.9975    0.9865    0.9854    0.7405   0.01954   0.00366 0.0002952
   251/299        0G   0.01951  0.003528  0.000312   0.02335         1       320    0.9974    0.9865    0.9854    0.7301    0.0197  0.003658 0.0003136
   252/299        0G   0.02021  0.003832 0.0003414   0.02439         2       320    0.9981    0.9865    0.9854    0.7414   0.01988  0.003664 0.0003006
   253/299        0G   0.01976  0.003668 0.0004217   0.02385         2       320    0.9981    0.9865    0.9854    0.7178   0.02017  0.003674 0.0002976
   254/299        0G   0.01991  0.003703 0.0002909    0.0239         2       320    0.9981    0.9865    0.9854    0.7437   0.01911   0.00366 0.0002805
   255/299        0G   0.01889   0.00372 0.0002697   0.02288         4       320     0.998    0.9865    0.9854    0.7384   0.01962  0.003665 0.0002762
   256/299        0G   0.01855  0.003725 0.0003147   0.02259         2       320    0.9982    0.9865    0.9854    0.7339   0.01962  0.003665 0.0002665
   257/299        0G   0.01869  0.003485 0.0002588   0.02244         2       320    0.9983    0.9865    0.9854    0.7304   0.02008  0.003658 0.0002581
   258/299        0G   0.01904  0.003505 0.0002795   0.02282         4       320    0.9975    0.9865    0.9854    0.7204   0.02017  0.003686 0.0002545
   259/299        0G   0.01875  0.003614 0.0002675   0.02263         4       320    0.9978    0.9865    0.9854    0.7357   0.01927  0.003652 0.0002528
   260/299        0G   0.01929  0.003661 0.0002502    0.0232         2       320    0.9968    0.9865    0.9854    0.7068   0.02023   0.00368 0.0002457
   261/299        0G   0.01981  0.003537 0.0002457   0.02359         2       320    0.9973    0.9865    0.9854    0.7369   0.01955  0.003642 0.0002441
   262/299        0G   0.02036   0.00345 0.0003918    0.0242         2       320    0.9965    0.9865    0.9854    0.7376   0.02008  0.003646 0.0002548
   263/299        0G   0.02065   0.00375 0.0002805   0.02468         2       320    0.9971    0.9865    0.9854    0.7476    0.0201  0.003645 0.0002608
   264/299        0G   0.02161  0.003698 0.0002745   0.02558         2       320    0.9973    0.9865    0.9854    0.7328   0.02174  0.003707 0.0002689
   265/299        0G   0.02027  0.003809 0.0002833   0.02436         3       320    0.9978    0.9865    0.9854    0.7248   0.02012  0.003683 0.0002908
   266/299        0G   0.01972  0.003664 0.0002842   0.02367         2       320    0.9981    0.9865    0.9854    0.7401   0.01958  0.003688 0.0002861
   267/299        0G   0.02006    0.0036 0.0002848   0.02395         2       320    0.9971    0.9865    0.9854    0.7172   0.02037  0.003691 0.0002801
   268/299        0G   0.01948  0.003619 0.0002976   0.02339         2       320    0.9973    0.9865    0.9854    0.7357   0.01974  0.003652 0.0002828
   269/299        0G   0.01995  0.003721 0.0003423   0.02402         2       320    0.9974    0.9865    0.9854    0.7171   0.02018   0.00366 0.0002847
   270/299        0G   0.01994  0.003644 0.0003144    0.0239         2       320    0.9973    0.9865    0.9854    0.7376   0.01918  0.003655 0.0002895
   271/299        0G   0.02055  0.003708 0.0003213   0.02458         2       320    0.9973    0.9865    0.9854    0.7353   0.02012  0.003693 0.0002946
   272/299        0G   0.01963   0.00355 0.0002892   0.02347         2       320    0.9977    0.9865    0.9854    0.7385   0.01988  0.003677 0.0002884
   273/299        0G   0.01965  0.003631 0.0003027   0.02358         2       320    0.9985    0.9864    0.9854    0.7445   0.01957  0.003678 0.0002886
   274/299        0G   0.01899  0.003642 0.0002848   0.02292         5       320     0.998    0.9865    0.9854    0.7145   0.01978  0.003681 0.0002856
   275/299        0G   0.01915   0.00356 0.0002922   0.02301         2       320    0.9981    0.9865    0.9854    0.7455   0.01972  0.003645 0.0002802
   276/299        0G   0.02053  0.003472 0.0002623   0.02427         2       320    0.9969    0.9865    0.9854    0.7303   0.01959  0.003672 0.0002863
   277/299        0G    0.0201  0.003583 0.0003006   0.02398         2       320    0.9968    0.9865    0.9854    0.7482   0.01979  0.003632 0.0002924
   278/299        0G   0.02106  0.003736 0.0003269   0.02512         2       320    0.9966    0.9865    0.9854    0.7312   0.02024  0.003686 0.0003149
   279/299        0G   0.02002  0.003706 0.0003347   0.02406         2       320    0.9974    0.9864    0.9854    0.7364   0.02046  0.003655 0.0003209
   280/299        0G   0.01972  0.003566 0.0003165   0.02361         2       320    0.9977    0.9865    0.9854    0.7392   0.01986  0.003701 0.0003161
   281/299        0G   0.02034  0.003832 0.0003319    0.0245         2       320    0.9978    0.9865    0.9854    0.7135   0.02085  0.003677 0.0003082
   282/299        0G   0.01999  0.003735 0.0002954   0.02402         2       320     0.998    0.9865    0.9854    0.7437   0.01903   0.00366 0.0003058
   283/299        0G   0.01984  0.003672 0.0003346   0.02385         2       320    0.9974    0.9865    0.9854    0.7336   0.01992  0.003661 0.0003132
   284/299        0G   0.01983  0.003598 0.0003042   0.02373         2       320    0.9973    0.9865    0.9854    0.7283   0.01944  0.003659 0.0003235
   285/299        0G    0.0201  0.003746 0.0003249   0.02418         2       320    0.9968    0.9865    0.9854    0.7321   0.01972  0.003642 0.0003415
   286/299        0G   0.01956  0.003622  0.000347   0.02353         2       320    0.9972    0.9865    0.9854    0.7391   0.01928  0.003622 0.0003523
   287/299        0G   0.01893  0.003536 0.0003223   0.02279         3       320     0.997    0.9865    0.9854    0.7316   0.02007   0.00365 0.0003581
   288/299        0G   0.01992  0.003645  0.000358   0.02392         4       320    0.9972    0.9865    0.9854    0.7422   0.01982  0.003629 0.0003456
   289/299        0G   0.01981  0.003721 0.0003431   0.02388         2       320    0.9973    0.9865    0.9854    0.7335   0.02011  0.003665 0.0003318
   290/299        0G   0.01883  0.003638 0.0003493   0.02282         2       320    0.9969    0.9865    0.9854    0.7346   0.01943  0.003642 0.0003145
   291/299        0G   0.01932  0.003675 0.0003159   0.02331         2       320    0.9976    0.9865    0.9854    0.7377   0.01987   0.00364 0.0003007
   292/299        0G   0.01889  0.003634 0.0002973   0.02282         2       320    0.9974    0.9865    0.9854    0.7339   0.01939  0.003649  0.000298
   293/299        0G    0.0189  0.003725 0.0002913   0.02292         2       320    0.9974    0.9865    0.9854    0.7355   0.01949  0.003622 0.0002917
   294/299        0G   0.01927  0.003657 0.0002812   0.02321         2       320    0.9968    0.9865    0.9854    0.7323    0.0192  0.003639 0.0002964
   295/299        0G   0.01903  0.003595 0.0003019   0.02293         2       320    0.9969    0.9865    0.9854    0.7415   0.01953  0.003616 0.0002999
   296/299        0G   0.01922  0.003633 0.0003217   0.02318         4       320    0.9969    0.9865    0.9854    0.7186   0.02007  0.003638 0.0003052
   297/299        0G   0.01966  0.003646 0.0003415   0.02365         2       320    0.9971    0.9865    0.9854    0.7509   0.02021  0.003621 0.0003092
   298/299        0G   0.01947  0.003657 0.0003238   0.02345         5       320    0.9973    0.9865    0.9854    0.7237   0.01975  0.003623  0.000311
   299/299        0G   0.01956  0.003656 0.0003376   0.02355         3       320    0.9973    0.9865    0.9854    0.7312   0.01987  0.003621 0.0003192
