     0/299        0G   0.06703    0.0139   0.04717    0.1281         2       320   0.01298   0.05234    0.0121  0.002805   0.04211   0.01281   0.03906
     1/299        0G   0.04356   0.01484   0.04572    0.1041         2       320     0.288     0.483     0.148   0.06678    0.0283    0.0112   0.03853
     2/299        0G   0.03495   0.01304   0.04706   0.09506         3       320    0.1397    0.8015    0.2103    0.1091   0.02306  0.008857   0.03745
     3/299        0G   0.03043   0.01134    0.0467   0.08847         2       320    0.1232    0.9726    0.2271     0.121   0.02104   0.00748   0.03611
     4/299        0G    0.0278  0.009853   0.04395   0.08161         2       320    0.1915    0.7449    0.3481    0.1922   0.02023  0.006989   0.03414
     5/299        0G   0.02659  0.009143   0.04239   0.07813         2       320    0.2165    0.8248    0.3911    0.2176   0.01977  0.006754   0.03245
     6/299        0G   0.02618  0.009061   0.04044   0.07567         5       320     0.221    0.9813    0.4177    0.2311   0.02069  0.006855   0.03157
     7/299        0G   0.02493  0.008294   0.03893   0.07216         3       320    0.2351    0.9636    0.4193    0.2374   0.01904  0.006593   0.03029
     8/299        0G   0.02451  0.008339   0.03834   0.07118         2       320    0.2427    0.9676    0.4172    0.2456   0.01778  0.006562   0.02924
     9/299        0G   0.02349  0.008038   0.03727   0.06879         2       320    0.2494     0.981    0.4212    0.2425   0.01888  0.006511   0.02855
    10/299        0G   0.02363  0.008141   0.03701   0.06878         2       320    0.2505    0.9721    0.4404    0.2439     0.019  0.006464   0.02822
    11/299        0G   0.02265   0.00799   0.03579   0.06644         2       320    0.2546    0.9624    0.4386    0.2616   0.01737  0.006357   0.02768
    12/299        0G   0.02351  0.007961   0.03556   0.06703         5       320    0.2521    0.9709    0.4819    0.2752   0.01779  0.006278   0.02678
    13/299        0G   0.02326   0.00788   0.03449   0.06563         2       320    0.4731    0.7761    0.5489    0.3202    0.0176  0.006251    0.0258
    14/299        0G    0.0229   0.00787   0.03393    0.0647         2       320     0.594    0.6111    0.6683    0.3885   0.01836  0.006166   0.02479
    15/299        0G   0.02323   0.00805   0.03362    0.0649         3       320     0.394      0.77    0.7072     0.423   0.01707  0.006178   0.02455
    16/299        0G   0.02288  0.007931   0.03223   0.06304         5       320    0.5049    0.7154    0.7065    0.4136   0.01855  0.006051   0.02243
    17/299        0G   0.02302  0.008023   0.03111   0.06216         5       320    0.6212    0.7559    0.7654      0.46   0.01768  0.006084   0.02162
    18/299        0G   0.02337  0.007882    0.0298   0.06106         2       320    0.5876    0.8123    0.7293    0.4368   0.01837  0.006206   0.02016
    19/299        0G   0.02342  0.007878   0.02888   0.06018         5       320     0.575    0.8552    0.7171    0.4181   0.01774  0.006457   0.01974
    20/299        0G   0.02377  0.008093   0.02793    0.0598         3       320     0.533    0.8886    0.7024    0.4237   0.01828  0.006347   0.01816
    21/299        0G   0.02365  0.007762   0.02674   0.05815         3       320     0.632    0.8229    0.7313    0.4164   0.02107  0.006362   0.01705
    22/299        0G   0.02393   0.00781   0.02507   0.05681         2       320    0.6246    0.9026    0.8265    0.4871   0.02028    0.0061   0.01547
    23/299        0G    0.0237  0.007829   0.02414   0.05567         2       320    0.6458    0.9085    0.8429    0.4872   0.02054  0.006056   0.01436
    24/299        0G   0.02331  0.007526   0.02275   0.05359         2       320    0.6765     0.906     0.863    0.5091   0.01819  0.006116   0.01332
    25/299        0G   0.02322  0.007488   0.02164   0.05234         2       320    0.7481    0.9056    0.9117    0.5514   0.01789  0.006089   0.01187
    26/299        0G   0.02385    0.0076   0.02116   0.05261         3       320    0.9067    0.9007    0.9523    0.5519   0.01934  0.006025   0.01102
    27/299        0G   0.02371   0.00732   0.02074   0.05176         2       320    0.8234    0.9038    0.8966    0.5234   0.01916  0.006048   0.01047
    28/299        0G   0.02307  0.007357   0.01896   0.04938         2       320    0.8765    0.9302    0.9455    0.5652   0.01892  0.005978  0.008481
    29/299        0G   0.02394   0.00729   0.01797    0.0492         2       320    0.7947    0.9231       0.9    0.4736   0.02701  0.006141  0.007934
    30/299        0G   0.02381  0.007397   0.01683   0.04804         2       320    0.9411    0.9439     0.978     0.571   0.01925  0.006227  0.006273
    31/299        0G    0.0234  0.007554   0.01667   0.04763         2       320    0.9675    0.9495    0.9841    0.5639   0.01994  0.006009  0.005546
    32/299        0G   0.02384  0.007449   0.01524   0.04653         2       320    0.8767    0.8907     0.937    0.4821   0.02114  0.006142  0.005598
    33/299        0G   0.02451  0.007248   0.01486   0.04662         2       320    0.8668    0.9255     0.936    0.5308   0.01972  0.006019  0.006699
    34/299        0G   0.02436  0.007433   0.01546   0.04725         4       320    0.9386    0.9412    0.9849    0.5405   0.01981   0.00614  0.005133
    35/299        0G   0.02414   0.00739    0.0134   0.04492         2       320     0.942    0.9825    0.9857    0.5575   0.02204  0.006088  0.003185
    36/299        0G   0.02402  0.007191   0.01103   0.04224         2       320    0.8157    0.9689    0.8987    0.5053   0.02608  0.005994  0.002657
    37/299        0G   0.02339  0.007146   0.01072   0.04125         3       320     0.904    0.9732    0.9815     0.529   0.02366  0.005941  0.002264
    38/299        0G   0.02448  0.007257   0.01014   0.04188         2       320    0.9049    0.9802    0.9748    0.5051   0.02174  0.005979  0.002138
    39/299        0G   0.02452   0.00737  0.009977   0.04187         5       320    0.9208     0.979    0.9612    0.5364   0.02165  0.005821  0.002219
    40/299        0G    0.0236  0.007183  0.008944   0.03973         2       320    0.9369    0.9784    0.9738     0.528    0.0214  0.005821  0.002274
    41/299        0G   0.02456  0.007128  0.008934   0.04062         2       320    0.9313     0.986    0.9566    0.5176   0.02087  0.005788  0.001676
    42/299        0G   0.02451  0.007335  0.008343   0.04018         5       320     0.857    0.9587    0.9061    0.4833   0.02133  0.005865  0.001814
    43/299        0G   0.02434    0.0072  0.008028   0.03957         2       320     0.851    0.9718    0.9244     0.515   0.02475  0.005664   0.00191
    44/299        0G   0.02419  0.007274  0.008535      0.04         4       320    0.9294    0.9875    0.9529    0.5175   0.02137  0.005996  0.001639
    45/299        0G   0.02385  0.007132   0.00733   0.03832         2       320    0.9828    0.9959    0.9906    0.5453   0.01879  0.005699  0.001556
    46/299        0G   0.02415  0.007187  0.007973   0.03931         2       320    0.8993    0.9775    0.9703    0.5078   0.02181  0.005956  0.001667
    47/299        0G   0.02457  0.007312  0.007819    0.0397         5       320    0.9865    0.9915    0.9893     0.549   0.01938  0.005765  0.001516
    48/299        0G   0.02385  0.007182  0.007432   0.03847         3       320    0.9888    0.9915    0.9905    0.5685   0.01924  0.005762  0.001894
    49/299        0G   0.02337  0.007102    0.0076   0.03807         2       320    0.9871     0.996    0.9912    0.5804   0.01845  0.005572  0.001359
    50/299        0G    0.0231  0.007153  0.007576   0.03783         5       320    0.9091    0.9916    0.9696    0.5359   0.02171  0.005894  0.001404
    51/299        0G   0.02337  0.007084  0.007687   0.03814         2       320    0.9587    0.9927    0.9864    0.5533   0.02078  0.005665   0.00163
    52/299        0G   0.02326  0.007099  0.007533   0.03789         2       320    0.9773    0.9954    0.9888    0.5817    0.0181  0.005538  0.001248
    53/299        0G   0.02251   0.00696  0.007423   0.03689         2       320    0.9525    0.9828    0.9635    0.5894   0.01824  0.005584  0.001465
    54/299        0G   0.02286  0.006981  0.006584   0.03642         2       320    0.9225      0.98    0.9449    0.5152   0.02068  0.005741  0.001192
    55/299        0G   0.02332  0.006997  0.006695   0.03701         2       320    0.9891    0.9891    0.9901       0.6   0.01857  0.005608  0.001418
    56/299        0G   0.02264  0.006919   0.00672   0.03628         5       320    0.9813    0.9921    0.9878    0.6001   0.01809   0.00551  0.001251
    57/299        0G   0.02226    0.0069  0.006625   0.03579         4       320    0.9844    0.9871    0.9886    0.5885    0.0202  0.005634  0.001423
    58/299        0G    0.0217  0.006896  0.007085   0.03569         2       320    0.9877    0.9911    0.9901    0.6138   0.01744  0.005585  0.001267
    59/299        0G   0.02211  0.006805  0.006544   0.03546         5       320    0.9824     0.996    0.9907    0.5803   0.01841  0.005446  0.001249
    60/299        0G   0.02235  0.006937  0.006545   0.03583         2       320    0.9837    0.9782     0.985    0.6044   0.01757  0.005429  0.001186
    61/299        0G   0.02145  0.006822  0.006494   0.03477         3       320    0.9882    0.9919    0.9894    0.6331   0.01829  0.005446  0.001003
    62/299        0G   0.02178  0.006935  0.006569   0.03528         5       320    0.9898     0.993    0.9909    0.5935   0.01715  0.005508  0.001084
    63/299        0G    0.0222  0.006768  0.005692   0.03466         2       320    0.8598     0.986     0.915    0.5631   0.02048  0.005442  0.001154
    64/299        0G   0.02213   0.00705  0.006419    0.0356         2       320    0.9887    0.9915    0.9886     0.622   0.01708  0.005421 0.0009834
    65/299        0G   0.02133  0.006852   0.00596   0.03414         2       320    0.9779    0.9866    0.9908    0.6239    0.0192  0.005396  0.000997
    66/299        0G   0.02188   0.00684  0.005712   0.03443         2       320     0.962    0.9945    0.9812     0.605   0.01771  0.005429  0.001149
    67/299        0G   0.02194  0.006851  0.006338   0.03512         3       320    0.9289     0.996    0.9482    0.5881   0.01825  0.005369   0.00118
    68/299        0G   0.02153  0.007045  0.006697   0.03528         2       320    0.9916    0.9952    0.9909    0.6294   0.01636  0.005443 0.0009466
    69/299        0G     0.021  0.006737  0.005851   0.03358         2       320    0.9933    0.9948    0.9903    0.6596     0.017  0.005348  0.001045
    70/299        0G   0.02146  0.006929   0.00616   0.03454         4       320    0.9495    0.9807    0.9769    0.5856   0.01847  0.005451  0.001196
    71/299        0G   0.02076  0.006751  0.005718   0.03323         2       320    0.9471    0.9859    0.9876    0.6564    0.0172  0.005361 0.0008671
    72/299        0G   0.02077  0.006793  0.005942    0.0335         2       320    0.9924    0.9915    0.9905    0.6286   0.01693  0.005432  0.001109
    73/299        0G   0.02069  0.006747  0.005787   0.03323         2       320    0.9908    0.9927    0.9904    0.6281   0.01706  0.005292  0.001003
    74/299        0G    0.0209  0.006915   0.00598    0.0338         2       320    0.9358     0.996    0.9468    0.5804   0.01736  0.005289 0.0008592
    75/299        0G   0.02103  0.006736  0.005384   0.03316         4       320    0.9947    0.9941    0.9901    0.6322   0.01759  0.005291  0.001063
    76/299        0G   0.02103  0.006592   0.00535   0.03297         2       320    0.9879    0.9932    0.9902    0.6301   0.01719  0.005309  0.001206
    77/299        0G   0.02036  0.006646  0.005431   0.03243         5       320    0.9229    0.9846    0.9426    0.6049   0.01934  0.005339 0.0009482
    78/299        0G   0.02109  0.006785  0.005792   0.03367         2       320    0.9323     0.995     0.959    0.6196   0.01859  0.005355  0.001146
    79/299        0G   0.02047  0.006655  0.005442   0.03257         2       320    0.9321    0.9957    0.9599    0.6376   0.01686  0.005312  0.000919
    80/299        0G   0.02051  0.006679  0.005622   0.03281         2       320    0.9932     0.996    0.9905    0.6642   0.01557  0.005268 0.0009988
    81/299        0G   0.02051  0.006558  0.005376   0.03244         2       320    0.9894    0.9959    0.9904    0.6551   0.01722  0.005308 0.0009116
    82/299        0G   0.02036  0.006632  0.005821   0.03282         2       320    0.9931    0.9932    0.9903    0.6375   0.01645   0.00523  0.001035
    83/299        0G   0.02027  0.006678   0.00517   0.03212         3       320    0.9938     0.993    0.9907    0.6592   0.01592  0.005263 0.0009625
    84/299        0G    0.0206  0.006735  0.005615   0.03295         2       320    0.9903    0.9928    0.9899    0.6669   0.01686  0.005233 0.0009644
    85/299        0G   0.02006  0.006636  0.005414   0.03211         2       320    0.9316    0.9945    0.9568    0.6376   0.01681  0.005206 0.0009479
    86/299        0G   0.02011  0.006487   0.00528   0.03188         2       320    0.9851     0.996    0.9902    0.6728   0.01585  0.005195  0.001069
    87/299        0G   0.01984  0.006646  0.005382   0.03186         2       320    0.9937    0.9941    0.9903    0.6754   0.01617   0.00515 0.0009324
    88/299        0G   0.01954  0.006527  0.005155   0.03122         2       320    0.9719     0.996    0.9859    0.6498   0.01592  0.005184 0.0008639
    89/299        0G   0.01983  0.006564  0.005457   0.03185         2       320    0.9933    0.9922    0.9903    0.6636   0.01573  0.005151  0.001108
    90/299        0G   0.02014  0.006652  0.004994   0.03178         3       320    0.9851    0.9904    0.9869    0.6281   0.01726  0.005189  0.000945
    91/299        0G   0.01997  0.006607  0.005265   0.03184         2       320    0.9934    0.9957    0.9906    0.6696   0.01531  0.005178 0.0009264
    92/299        0G   0.01993  0.006537  0.004712   0.03118         5       320    0.9304    0.9955    0.9555    0.6463   0.01656  0.005228  0.000895
    93/299        0G   0.01993  0.006525  0.005221   0.03168         2       320    0.9906    0.9949    0.9906    0.6732   0.01631  0.005131  0.001011
    94/299        0G   0.01973  0.006544  0.005135   0.03141         2       320     0.992     0.996    0.9904    0.6768   0.01592  0.005164 0.0008548
    95/299        0G   0.01984  0.006526  0.004572   0.03094         2       320    0.9924    0.9959    0.9901    0.6804   0.01502  0.005122 0.0008119
    96/299        0G   0.01955  0.006448  0.004507   0.03051         2       320    0.9933    0.9959    0.9906    0.6716   0.01489  0.005115 0.0008179
    97/299        0G   0.01929  0.006509  0.004908   0.03071         2       320    0.9935    0.9959    0.9908    0.6339    0.0159  0.005157 0.0009126
    98/299        0G   0.01979  0.006613  0.005541   0.03195         3       320    0.9609    0.9929    0.9833    0.6965   0.01597  0.005052 0.0009212
    99/299        0G   0.01961  0.006493  0.004745   0.03085         2       320    0.9666    0.9906    0.9862    0.6624   0.01645    0.0051 0.0007878
   100/299        0G    0.0195  0.006363  0.004577   0.03044         2       320    0.9948    0.9916    0.9908    0.6844   0.01568  0.005101  0.000885
   101/299        0G   0.01888    0.0065  0.004723    0.0301         2       320    0.9907    0.9911    0.9904    0.6993   0.01461  0.005006 0.0008168
   102/299        0G   0.01921  0.006491  0.004938   0.03064         3       320     0.993    0.9948    0.9915    0.6792   0.01512    0.0051 0.0008085
   103/299        0G   0.01937  0.006525  0.004805    0.0307         2       320    0.9905     0.996    0.9906    0.6749   0.01568  0.005148 0.0007963
   104/299        0G    0.0189  0.006496    0.0052    0.0306         5       320    0.9933    0.9959    0.9907    0.6829   0.01475  0.005037  0.001005
   105/299        0G   0.01873  0.006268  0.004359   0.02935         2       320     0.987    0.9928     0.991    0.6364     0.016  0.005159 0.0008207
   106/299        0G   0.01904  0.006368  0.004293    0.0297         2       320    0.9928     0.996    0.9905    0.6821   0.01526  0.005087 0.0008018
   107/299        0G   0.01893  0.006443  0.004868   0.03024         2       320    0.9929    0.9958    0.9907    0.6798   0.01493  0.005058 0.0008158
   108/299        0G   0.01856  0.006338  0.004714   0.02961         2       320    0.9921    0.9959    0.9906    0.6773   0.01476  0.005112 0.0006868
   109/299        0G   0.01919  0.006498  0.004986   0.03068         2       320    0.9934    0.9956    0.9895    0.6912   0.01513  0.005087 0.0007014
   110/299        0G     0.019  0.006487   0.00459   0.03008         2       320    0.9903    0.9959    0.9902    0.6903   0.01444  0.005051 0.0007226
   111/299        0G   0.01896  0.006337  0.004436   0.02973         2       320    0.9913    0.9949    0.9904    0.6751   0.01486   0.00509 0.0007652
   112/299        0G   0.01932  0.006451  0.004751   0.03052         2       320    0.9927    0.9959    0.9901    0.6883   0.01551  0.005056 0.0007882
   113/299        0G   0.01908  0.006373   0.00432   0.02978         5       320    0.9909    0.9951    0.9906    0.6799   0.01488  0.005061 0.0008343
   114/299        0G   0.01848  0.006327  0.004618   0.02943         2       320    0.9915    0.9959    0.9905    0.6957   0.01421  0.005091 0.0006735
   115/299        0G   0.01864  0.006384  0.004311   0.02933         2       320    0.9925    0.9959    0.9902     0.695   0.01422  0.005016 0.0007414
   116/299        0G   0.01868  0.006379  0.004215   0.02927         4       320    0.9917    0.9954    0.9906    0.6951   0.01436  0.005044  0.000857
   117/299        0G   0.01871  0.006386   0.00444   0.02954         3       320    0.9901    0.9959    0.9908    0.6817   0.01494   0.00508 0.0006712
   118/299        0G   0.01908  0.006432  0.004497   0.03001         2       320    0.9901    0.9957    0.9908    0.6911   0.01545  0.004982 0.0007287
   119/299        0G   0.01887  0.006338  0.004234   0.02944         2       320    0.9927    0.9938    0.9912    0.6848   0.01431  0.005068 0.0008172
   120/299        0G   0.01864  0.006375  0.004728   0.02974         2       320    0.9915    0.9945    0.9906    0.6974   0.01447  0.004987 0.0007261
   121/299        0G   0.01846  0.006304  0.004423   0.02919         2       320    0.9926    0.9954    0.9909    0.7013   0.01461  0.004959 0.0007275
   122/299        0G   0.01816  0.006225  0.004494   0.02888         2       320    0.9917    0.9952    0.9909    0.7131   0.01387  0.004967 0.0007628
   123/299        0G   0.01859  0.006376  0.004566   0.02953         3       320    0.9929    0.9959    0.9908    0.7086   0.01403  0.004968 0.0006933
   124/299        0G   0.01833   0.00612  0.003908   0.02836         2       320    0.9897     0.996    0.9908    0.7039   0.01397   0.00499 0.0007509
   125/299        0G   0.01874  0.006321  0.003965   0.02903         5       320    0.9904    0.9907    0.9888    0.7062   0.01443  0.004958 0.0007087
   126/299        0G   0.01855  0.006103  0.003898   0.02855         2       320    0.9906     0.996    0.9906    0.6991   0.01516  0.004946 0.0007549
   127/299        0G   0.01857  0.006267  0.004361    0.0292         3       320    0.9912    0.9943    0.9909    0.7037   0.01476  0.004961 0.0008765
   128/299        0G   0.01814  0.006188  0.003992   0.02832         2       320    0.9923    0.9957    0.9908    0.7089   0.01467   0.00494 0.0006704
   129/299        0G   0.01803  0.006319  0.004571   0.02892         3       320    0.9928    0.9943    0.9906    0.7126    0.0136  0.004912 0.0007709
   130/299        0G   0.01793  0.006223  0.004163   0.02832         2       320    0.9883     0.996    0.9908    0.7095   0.01353   0.00492 0.0007061
   131/299        0G    0.0182  0.006143  0.004029   0.02837         2       320    0.9889     0.996    0.9904    0.7095   0.01368  0.004921  0.000676
   132/299        0G   0.01803  0.006167  0.003806     0.028         2       320    0.9912    0.9959    0.9909    0.6931   0.01435  0.004919 0.0007655
   133/299        0G   0.01796  0.006269  0.004527   0.02876         2       320     0.993     0.995    0.9912    0.7166   0.01373  0.004888 0.0006464
   134/299        0G   0.01827  0.006156  0.003873    0.0283         2       320    0.9899    0.9959    0.9909    0.7158   0.01464  0.004886 0.0006311
   135/299        0G   0.01817  0.006193  0.004344   0.02871         2       320    0.9912    0.9959    0.9908    0.7147   0.01365  0.004869 0.0007241
   136/299        0G   0.01746   0.00615  0.003901   0.02751         3       320    0.9914    0.9942    0.9908    0.7179   0.01337  0.004869  0.000658
   137/299        0G   0.01767  0.006236  0.004605   0.02851         2       320    0.9907     0.996     0.991    0.7238   0.01327  0.004829 0.0006214
   138/299        0G   0.01746  0.006114  0.004509   0.02809         2       320    0.9892     0.996    0.9909    0.6984   0.01364  0.004866 0.0006391
   139/299        0G   0.01779   0.00618  0.003862   0.02783         2       320    0.9875     0.996    0.9906    0.7009    0.0138  0.004894 0.0006319
   140/299        0G   0.01777  0.006283  0.004182   0.02824         2       320     0.985    0.9928    0.9907    0.7183   0.01357  0.004807 0.0007606
   141/299        0G   0.01773  0.006241  0.004326   0.02829         5       320    0.9883    0.9928    0.9909    0.7265   0.01354  0.004826 0.0006898
   142/299        0G   0.01763  0.006219   0.00405   0.02789         2       320     0.986    0.9959    0.9908     0.722   0.01367  0.004825 0.0005948
   143/299        0G    0.0175  0.006241  0.004025   0.02776         2       320    0.9868    0.9927    0.9906    0.7251   0.01326  0.004813 0.0007043
   144/299        0G   0.01775  0.006204  0.003867   0.02782         5       320    0.9807     0.996    0.9907    0.7177   0.01356  0.004842 0.0007159
   145/299        0G   0.01784   0.00617  0.004178   0.02819         2       320    0.9837    0.9928    0.9908    0.7248   0.01377  0.004827 0.0007682
   146/299        0G   0.01788  0.006239  0.004207   0.02832         5       320    0.9909    0.9932    0.9908     0.726   0.01339  0.004822 0.0006813
   147/299        0G   0.01764  0.006063  0.004265   0.02796         2       320    0.9908    0.9922    0.9903    0.7231   0.01311  0.004826 0.0007201
   148/299        0G   0.01768  0.006109  0.004426   0.02822         2       320    0.9895    0.9955    0.9908    0.7188   0.01392  0.004823  0.000617
   149/299        0G   0.01743  0.006123  0.004284   0.02784         2       320    0.9923    0.9883    0.9906    0.7294    0.0135  0.004807 0.0006744
   150/299        0G   0.01738  0.006128  0.004132   0.02764         2       320    0.9873    0.9895    0.9897    0.7228   0.01343  0.004841  0.000859
   151/299        0G   0.01694  0.006164  0.004028   0.02713         3       320    0.9834    0.9927    0.9902    0.7281   0.01309  0.004841 0.0007295
   152/299        0G   0.01714  0.006108  0.004173   0.02743         2       320    0.9801    0.9928    0.9896    0.7294   0.01321  0.004835 0.0009642
   153/299        0G   0.01713  0.006003    0.0035   0.02663         3       320    0.9863    0.9864     0.989    0.7181   0.01361  0.004868 0.0008993
   154/299        0G   0.01737  0.006026  0.003928   0.02732         2       320    0.9888    0.9834    0.9889    0.7173   0.01336  0.004839 0.0009485
   155/299        0G   0.01719  0.006077  0.003827    0.0271         2       320    0.9796     0.996    0.9909    0.7198   0.01369  0.004897 0.0007399
   156/299        0G   0.01708  0.006037  0.003724   0.02684         2       320    0.9848    0.9959    0.9907    0.7204   0.01356  0.004867  0.000658
   157/299        0G   0.01683  0.006014  0.003601   0.02644         2       320    0.9867     0.996     0.991    0.7284   0.01324  0.004827 0.0006205
   158/299        0G   0.01706  0.006201  0.003493   0.02675         2       320    0.9847    0.9928    0.9906    0.7306     0.013  0.004847 0.0006908
   159/299        0G   0.01723   0.00623  0.003754   0.02721         2       320    0.9844    0.9928    0.9908    0.7291   0.01339  0.004855 0.0006343
   160/299        0G   0.01706  0.006069    0.0039   0.02703         2       320    0.9858    0.9928    0.9909    0.7262   0.01333  0.004835 0.0006842
   161/299        0G   0.01717  0.006136  0.003781   0.02708         5       320     0.985    0.9959    0.9909    0.7239   0.01342  0.004854 0.0006496
   162/299        0G   0.01705  0.006082  0.003754   0.02689         2       320    0.9914    0.9928     0.991    0.7138   0.01369  0.004839  0.000621
   163/299        0G     0.017   0.00606  0.003739    0.0268         2       320    0.9928     0.993    0.9914    0.7232   0.01346  0.004851 0.0005927
   164/299        0G   0.01655  0.005884  0.003594   0.02603         2       320     0.988    0.9959    0.9914    0.7318   0.01316  0.004831 0.0005783
   165/299        0G   0.01717  0.006222  0.004143   0.02753         2       320    0.9902     0.996    0.9911    0.7317   0.01324   0.00479 0.0005559
   166/299        0G   0.01654  0.006159  0.004113   0.02681         5       320    0.9938    0.9896    0.9911    0.7351   0.01304   0.00479 0.0005184
   167/299        0G   0.01674  0.005952  0.003496   0.02619         2       320    0.9923    0.9899    0.9909    0.7307   0.01313  0.004794 0.0005282
   168/299        0G   0.01646  0.005888  0.003649   0.02599         2       320     0.992    0.9903     0.991    0.7298   0.01308  0.004773 0.0005276
   169/299        0G   0.01681  0.006035  0.003881   0.02673         3       320    0.9927    0.9899     0.991     0.726   0.01312  0.004793 0.0005433
   170/299        0G   0.01659   0.00602  0.003686   0.02629         3       320    0.9928    0.9898    0.9908    0.7292   0.01314  0.004782  0.000559
   171/299        0G   0.01651  0.006061  0.003545   0.02612         2       320    0.9839    0.9928    0.9909    0.7282   0.01295  0.004775 0.0006078
   172/299        0G   0.01675   0.00599  0.003666   0.02641         5       320     0.991    0.9928     0.991    0.7319   0.01303  0.004779 0.0005524
   173/299        0G   0.01648  0.005962  0.003469   0.02591         2       320    0.9889     0.996     0.991    0.7316   0.01295  0.004764 0.0005131
   174/299        0G   0.01646  0.005886  0.003594   0.02594         2       320    0.9929     0.991     0.991    0.7363   0.01283  0.004772  0.000561
   175/299        0G   0.01648  0.005952  0.003627   0.02606         5       320    0.9924    0.9928    0.9907    0.7248   0.01293  0.004781 0.0006203
   176/299        0G   0.01618  0.006062   0.00356    0.0258         2       320    0.9929    0.9929    0.9907    0.7353   0.01293  0.004752  0.000589
   177/299        0G   0.01598  0.005837  0.003222   0.02503         2       320    0.9917    0.9928    0.9909    0.7364   0.01273  0.004756 0.0005969
   178/299        0G   0.01658  0.006018  0.003899    0.0265         2       320    0.9887    0.9928     0.991    0.7316   0.01272  0.004759 0.0006114
   179/299        0G   0.01628  0.005988  0.003728   0.02599         2       320    0.9928    0.9847    0.9909    0.7358   0.01267  0.004768 0.0006642
   180/299        0G   0.01614  0.005994  0.003431   0.02556         2       320    0.9935    0.9816    0.9909    0.7331   0.01287  0.004782 0.0006814
   181/299        0G     0.016  0.005905  0.003516   0.02542         2       320    0.9914    0.9864    0.9906    0.7373   0.01283  0.004754 0.0006197
   182/299        0G   0.01618  0.005834  0.003726   0.02574         2       320    0.9909    0.9864    0.9907    0.7347    0.0129  0.004751 0.0006459
   183/299        0G    0.0163  0.005978  0.003668   0.02594         2       320    0.9878    0.9896    0.9906     0.735   0.01305  0.004747 0.0005997
   184/299        0G    0.0161   0.00586  0.003808   0.02577         5       320    0.9923    0.9864    0.9911    0.7329   0.01297  0.004738   0.00056
   185/299        0G   0.01569  0.005829  0.003483   0.02501         2       320    0.9878    0.9896     0.991    0.7387    0.0128  0.004749 0.0005742
   186/299        0G   0.01597  0.005825  0.003341   0.02513         2       320    0.9887    0.9896    0.9909    0.7395   0.01273  0.004738 0.0005678
   187/299        0G   0.01636  0.005939  0.003871   0.02617         2       320    0.9885     0.996    0.9907    0.7356   0.01275  0.004736 0.0005121
   188/299        0G    0.0164  0.005958  0.003371   0.02573         3       320    0.9907    0.9959    0.9907    0.7379   0.01273  0.004725 0.0004703
   189/299        0G   0.01611  0.005895  0.003467   0.02547         3       320    0.9906     0.996    0.9906    0.7409   0.01267  0.004716 0.0004866
   190/299        0G   0.01587  0.005899  0.003756   0.02553         3       320     0.988     0.996    0.9906    0.7412    0.0127  0.004727 0.0004991
   191/299        0G   0.01598  0.005981  0.003637    0.0256         6       320    0.9864     0.996    0.9905    0.7385   0.01281  0.004742 0.0005111
   192/299        0G   0.01625  0.005938   0.00359   0.02578         2       320    0.9853    0.9959    0.9907    0.7419   0.01272  0.004728 0.0005245
   193/299        0G   0.01548  0.005776  0.003423   0.02468         2       320    0.9849     0.996    0.9909    0.7376   0.01269  0.004727 0.0005291
   194/299        0G   0.01564  0.005667   0.00327   0.02458         2       320    0.9836     0.996    0.9909    0.7375   0.01267  0.004749 0.0005306
   195/299        0G   0.01584  0.005746  0.003266   0.02485         2       320    0.9832     0.996     0.991    0.7351   0.01278  0.004756 0.0005568
   196/299        0G   0.01554  0.005753  0.003641   0.02494         2       320     0.985    0.9928    0.9909    0.7315   0.01294  0.004761 0.0005695
   197/299        0G   0.01617  0.005819  0.003134   0.02512         2       320    0.9872    0.9928     0.991    0.7371   0.01296  0.004749 0.0005713
   198/299        0G     0.016    0.0059  0.003612   0.02551         2       320    0.9879    0.9953    0.9911    0.7331    0.0129  0.004741 0.0005383
   199/299        0G   0.01585  0.005785  0.003155   0.02479         3       320     0.989    0.9959    0.9913    0.7332   0.01286  0.004738 0.0005217
   200/299        0G   0.01559  0.005816  0.003318   0.02472         4       320    0.9899    0.9959    0.9911    0.7368   0.01277  0.004733 0.0004986
   201/299        0G   0.01559   0.00582   0.00332   0.02473         3       320    0.9837    0.9959    0.9909    0.7349   0.01281   0.00475 0.0005276
   202/299        0G   0.01533  0.005702  0.003239   0.02427         2       320    0.9874    0.9928    0.9908    0.7358   0.01283  0.004748 0.0005657
   203/299        0G   0.01575  0.005889  0.003361     0.025         2       320    0.9869    0.9927    0.9904    0.7355   0.01276  0.004739 0.0006377
   204/299        0G   0.01582  0.005891  0.003478   0.02519         2       320    0.9865    0.9928    0.9897    0.7341   0.01268  0.004727 0.0006831
   205/299        0G   0.01534  0.005689  0.002744   0.02377         2       320    0.9863    0.9928    0.9896    0.7366   0.01267  0.004721 0.0006838
   206/299        0G   0.01575  0.005803  0.003598   0.02515         4       320    0.9856    0.9927    0.9896    0.7355   0.01264   0.00471 0.0006551
   207/299        0G   0.01528  0.005719  0.003311   0.02431         4       320    0.9861    0.9927    0.9898    0.7377   0.01254  0.004701 0.0006121
   208/299        0G   0.01561  0.005772  0.003578   0.02496         2       320    0.9862    0.9927    0.9902    0.7388   0.01252  0.004698 0.0005903
   209/299        0G   0.01557  0.005767  0.003347   0.02469         2       320    0.9864    0.9928    0.9905    0.7443    0.0125   0.00469 0.0005261
   210/299        0G   0.01573  0.005926  0.003593   0.02525         2       320    0.9861    0.9928    0.9904    0.7439   0.01246  0.004686 0.0004858
   211/299        0G   0.01552  0.005781  0.003194   0.02449         2       320    0.9853    0.9928    0.9904    0.7414   0.01252  0.004689 0.0005219
   212/299        0G   0.01571  0.005726  0.003102   0.02454         2       320     0.985    0.9928    0.9903    0.7418   0.01259  0.004687 0.0005492
   213/299        0G   0.01516  0.005646  0.003363   0.02417         2       320    0.9857    0.9928    0.9903    0.7418   0.01257  0.004677 0.0005771
   214/299        0G    0.0156  0.005797  0.003637   0.02504         2       320    0.9864    0.9928    0.9901    0.7458   0.01247  0.004673 0.0005663
   215/299        0G   0.01485  0.005531  0.003128   0.02351         2       320    0.9861    0.9928      0.99    0.7443   0.01245  0.004669  0.000572
   216/299        0G   0.01513  0.005574  0.003196    0.0239         2       320    0.9861    0.9928    0.9901    0.7424   0.01251  0.004681 0.0005412
   217/299        0G   0.01534  0.005623  0.003215   0.02418         2       320    0.9863    0.9928    0.9903    0.7372   0.01261  0.004691 0.0005058
   218/299        0G   0.01523  0.005699  0.003179   0.02411         2       320    0.9867    0.9928    0.9903    0.7422   0.01263  0.004689 0.0004947
   219/299        0G   0.01567  0.005649  0.003415   0.02474         2       320    0.9865    0.9928    0.9902    0.7442    0.0126   0.00469 0.0005071
   220/299        0G   0.01527  0.005604  0.003238   0.02411         3       320    0.9868    0.9928    0.9903    0.7461   0.01251  0.004685 0.0004851
   221/299        0G   0.01574  0.005716  0.003018   0.02447         2       320    0.9871    0.9928    0.9903    0.7472   0.01255  0.004695 0.0004809
   222/299        0G   0.01567   0.00569  0.003317   0.02468         2       320    0.9875    0.9928    0.9904    0.7439   0.01251  0.004702 0.0004735
   223/299        0G   0.01528  0.005709  0.003431   0.02442         5       320    0.9875    0.9928    0.9902    0.7414    0.0126  0.004719 0.0004902
   224/299        0G   0.01548  0.005824    0.0032    0.0245         2       320    0.9883    0.9928    0.9902    0.7429   0.01259  0.004725 0.0004992
   225/299        0G   0.01525   0.00571  0.002898   0.02386         2       320    0.9885    0.9928    0.9903    0.7405   0.01263  0.004732  0.000471
   226/299        0G   0.01506  0.005634  0.002957   0.02365         2       320    0.9892    0.9928    0.9903     0.741    0.0126  0.004731 0.0004562
   227/299        0G   0.01519  0.005695  0.003284   0.02416         2       320    0.9891    0.9928    0.9903    0.7447   0.01259  0.004731 0.0004557
   228/299        0G   0.01543  0.005685  0.002862   0.02398         2       320    0.9888    0.9928    0.9904    0.7432    0.0126  0.004729 0.0004536
   229/299        0G   0.01519  0.005736  0.003055   0.02398         2       320    0.9886    0.9928    0.9904    0.7439   0.01257  0.004721 0.0004673
   230/299        0G   0.01533  0.005761  0.003547   0.02464         3       320    0.9887    0.9928    0.9904    0.7458   0.01255   0.00472 0.0004679
   231/299        0G   0.01493  0.005661  0.003203   0.02379         2       320    0.9887    0.9928    0.9906    0.7468   0.01258  0.004724 0.0004799
   232/299        0G   0.01573  0.005968  0.003721   0.02542         2       320    0.9889    0.9928    0.9904    0.7488   0.01252  0.004719 0.0004683
   233/299        0G   0.01527  0.005665  0.003282   0.02421         5       320    0.9886    0.9928    0.9904    0.7503   0.01252  0.004715 0.0004776
   234/299        0G   0.01477  0.005639  0.002971   0.02338         2       320    0.9885    0.9928    0.9904    0.7531   0.01249  0.004708 0.0004878
   235/299        0G   0.01537  0.005679  0.003492   0.02454         2       320    0.9882    0.9928    0.9903    0.7511   0.01245  0.004708 0.0004964
   236/299        0G   0.01503  0.005521  0.003295   0.02385         2       320    0.9882    0.9928    0.9903    0.7496   0.01244  0.004704 0.0004969
   237/299        0G   0.01567  0.005562  0.002704   0.02393         2       320    0.9881    0.9928    0.9904    0.7497   0.01244  0.004695 0.0004959
   238/299        0G   0.01547  0.005774  0.003398   0.02464         2       320    0.9879    0.9927    0.9904    0.7472   0.01243  0.004689 0.0004942
   239/299        0G   0.01468  0.005583  0.003137    0.0234         2       320    0.9875    0.9928    0.9906    0.7491   0.01242  0.004684 0.0004912
   240/299        0G   0.01475  0.005585   0.00304   0.02337         2       320    0.9869    0.9927    0.9906    0.7487    0.0124  0.004679 0.0004844
   241/299        0G   0.01493  0.005632  0.003101   0.02367         3       320    0.9867    0.9928    0.9904    0.7485   0.01241  0.004678 0.0004692
   242/299        0G   0.01506  0.005781   0.00301   0.02385         2       320    0.9867    0.9927    0.9903    0.7477   0.01241   0.00468 0.0004743
   243/299        0G   0.01543  0.005747  0.003376   0.02455         5       320    0.9866    0.9928    0.9902    0.7474   0.01243  0.004681 0.0004909
   244/299        0G   0.01503  0.005582  0.002929   0.02354         3       320    0.9867    0.9928    0.9901    0.7504   0.01243  0.004685 0.0004953
   245/299        0G   0.01509  0.005643  0.003119   0.02386         2       320    0.9866    0.9927    0.9902    0.7481   0.01243  0.004684 0.0004936
   246/299        0G   0.01513  0.005589  0.002578    0.0233         2       320    0.9866    0.9928    0.9901    0.7504   0.01241  0.004678 0.0005015
   247/299        0G   0.01502  0.005692  0.002976   0.02369         5       320    0.9866    0.9928    0.9901    0.7505    0.0124  0.004678 0.0005065
   248/299        0G   0.01495  0.005642  0.003121   0.02371         2       320    0.9869    0.9928    0.9901    0.7514   0.01238  0.004672 0.0005095
   249/299        0G    0.0146  0.005512  0.003273   0.02339         2       320    0.9874    0.9928    0.9901    0.7512   0.01236  0.004669 0.0005013
   250/299        0G   0.01501  0.005663  0.003185   0.02386         2       320    0.9879    0.9928    0.9901    0.7511   0.01238  0.004666 0.0004827
   251/299        0G    0.0157  0.005797  0.003393   0.02489         2       320    0.9879    0.9928    0.9902    0.7503   0.01237  0.004659 0.0004712
   252/299        0G   0.01481  0.005672  0.002995   0.02347         2       320    0.9878    0.9928    0.9902    0.7486   0.01237  0.004656 0.0004626
   253/299        0G   0.01468  0.005537  0.002839   0.02305         2       320    0.9875    0.9928    0.9905    0.7497   0.01238  0.004657 0.0004458
   254/299        0G   0.01504  0.005678  0.003093   0.02381         2       320    0.9875    0.9927    0.9907    0.7481   0.01237  0.004654 0.0004354
   255/299        0G   0.01477  0.005578  0.003031   0.02338         2       320    0.9876    0.9927    0.9907    0.7511   0.01236  0.004653 0.0004193
   256/299        0G   0.01478  0.005532  0.003005   0.02332         2       320    0.9876    0.9928    0.9907    0.7504   0.01234  0.004651 0.0004131
   257/299        0G   0.01484  0.005555  0.002794   0.02319         2       320     0.988    0.9928    0.9907    0.7488   0.01234  0.004649 0.0003971
   258/299        0G   0.01473  0.005545   0.00335   0.02362         5       320    0.9884    0.9928    0.9907    0.7501   0.01234  0.004647 0.0003887
   259/299        0G   0.01444  0.005384  0.002981    0.0228         2       320    0.9889    0.9927    0.9907    0.7505   0.01233  0.004646 0.0003809
   260/299        0G   0.01482  0.005649  0.003097   0.02356         2       320    0.9894    0.9928    0.9907    0.7491   0.01234  0.004645  0.000375
   261/299        0G   0.01466  0.005606  0.003016   0.02328         2       320      0.99    0.9928    0.9907    0.7487   0.01233  0.004645 0.0003653
   262/299        0G   0.01512   0.00576  0.002982   0.02386         2       320    0.9866     0.996    0.9907    0.7507   0.01233  0.004646 0.0003646
   263/299        0G    0.0147  0.005647  0.003219   0.02356         2       320    0.9873     0.996    0.9907    0.7498   0.01234  0.004647 0.0003629
   264/299        0G   0.01492  0.005616  0.003116   0.02365         5       320    0.9876     0.996    0.9907    0.7485   0.01233  0.004646 0.0003642
   265/299        0G   0.01472  0.005572  0.003036   0.02333         3       320    0.9887     0.996    0.9907    0.7511   0.01232  0.004647 0.0003639
   266/299        0G   0.01461  0.005504  0.002868   0.02298         4       320      0.99     0.996    0.9907    0.7497   0.01232  0.004646 0.0003585
   267/299        0G   0.01475  0.005494  0.002819   0.02306         3       320    0.9905     0.996    0.9907    0.7484   0.01232  0.004644  0.000355
   268/299        0G   0.01484  0.005457  0.002908   0.02321         2       320    0.9908     0.996    0.9908    0.7488   0.01232  0.004645 0.0003506
   269/299        0G   0.01518  0.005651  0.003026   0.02386         2       320    0.9908     0.996    0.9909    0.7483   0.01232  0.004647 0.0003485
   270/299        0G   0.01497  0.005574  0.002945   0.02349         5       320    0.9908     0.996    0.9909    0.7492   0.01232  0.004649 0.0003503
   271/299        0G   0.01562  0.005509   0.00282   0.02394         2       320    0.9907     0.996    0.9909    0.7482   0.01231   0.00465 0.0003536
   272/299        0G   0.01475  0.005427  0.002668   0.02285         3       320    0.9908     0.996    0.9909    0.7486   0.01231  0.004652 0.0003522
   273/299        0G   0.01567  0.005596  0.003267   0.02454         2       320    0.9909     0.996    0.9909     0.749   0.01232  0.004653 0.0003558
   274/299        0G   0.01516  0.005486  0.002726   0.02337         2       320    0.9909     0.996    0.9909    0.7506   0.01232  0.004654 0.0003592
   275/299        0G    0.0158  0.005666  0.003302   0.02477         2       320    0.9909     0.996    0.9909    0.7503    0.0123  0.004653 0.0003623
   276/299        0G   0.01513  0.005422  0.002755    0.0233         2       320    0.9911     0.996    0.9909    0.7495    0.0123  0.004654 0.0003675
   277/299        0G    0.0149  0.005386  0.002992   0.02328         2       320    0.9911     0.996    0.9909    0.7517   0.01229  0.004653 0.0003716
   278/299        0G   0.01595  0.005515  0.003135    0.0246         3       320     0.991     0.996    0.9909    0.7515   0.01226  0.004652 0.0003763
   279/299        0G   0.01591  0.005584  0.003019   0.02451         2       320    0.9909    0.9959    0.9909    0.7516   0.01229  0.004653 0.0003818
   280/299        0G   0.01679  0.005394  0.002891   0.02508         3       320    0.9906     0.996    0.9909    0.7512   0.01227  0.004654 0.0003915
