     0/299        0G   0.05785   0.01363   0.04087    0.1124         1       320    0.0175    0.2672   0.01808  0.006055   0.03253   0.01068   0.03405
     1/299        0G   0.03443   0.01407   0.04011   0.08861         1       320     0.239    0.4604    0.1567   0.08698   0.02021  0.008916   0.03361
     2/299        0G   0.02712   0.01214   0.04163   0.08089         1       320   0.09753    0.8377    0.1508   0.09282   0.01476  0.007579   0.03348
     3/299        0G   0.02175   0.01072   0.04151   0.07398         1       320    0.1482     0.589    0.1589    0.1127   0.01251  0.006564   0.03374
     4/299        0G   0.01847  0.009495   0.03998   0.06794         1       320    0.1539    0.4483    0.1672    0.1289    0.0103  0.005673   0.03313
     5/299        0G   0.01633  0.008608   0.03977   0.06471         1       320    0.1513     0.482    0.1701    0.1343  0.008957  0.005363   0.03271
     6/299        0G   0.01526   0.00797   0.03896   0.06219         1       320    0.1654    0.4659    0.1798    0.1409  0.009613  0.005017   0.03178
     7/299        0G    0.0143  0.007289   0.03801   0.05959         1       320    0.2111    0.4813    0.2046    0.1664  0.008036  0.004507   0.03113
     8/299        0G   0.01424  0.007142     0.038   0.05938         1       320     0.151    0.5943    0.2312    0.1763  0.008348  0.004344   0.03048
     9/299        0G   0.01304  0.006715   0.03671   0.05646         1       320    0.1827    0.6997    0.2738    0.2134  0.008442  0.004235   0.02981
    10/299        0G   0.01292  0.006573   0.03624   0.05573         1       320    0.2349    0.6952    0.3052    0.2379  0.009085   0.00402   0.02901
    11/299        0G   0.01285  0.006465   0.03518   0.05449         1       320    0.2104    0.8226    0.3307     0.265  0.008179  0.003965   0.02826
    12/299        0G   0.01265  0.006297   0.03475    0.0537         1       320    0.2153      0.81    0.3404     0.277  0.007476  0.004082   0.02795
    13/299        0G   0.01227  0.006169   0.03431   0.05274         1       320     0.228    0.8037    0.3634    0.2804  0.008433  0.004042   0.02745
    14/299        0G    0.0122  0.006153   0.03349   0.05185         1       320    0.2152    0.8296    0.3663    0.2899  0.007898  0.003996   0.02762
    15/299        0G   0.01205   0.00618    0.0333   0.05153         1       320     0.205    0.8872    0.3575     0.279  0.009148  0.003811   0.02789
    16/299        0G   0.01204  0.006105   0.03385     0.052         2       320    0.2022    0.9248    0.3707    0.3023  0.008483  0.003583   0.02773
    17/299        0G   0.01178  0.006022   0.03344   0.05124         2       320    0.2032     0.867    0.3698    0.3061   0.00719  0.003675   0.02805
    18/299        0G   0.01164  0.006107   0.03416    0.0519         1       320    0.2147     0.912     0.389    0.3281  0.006561  0.003716   0.02767
    19/299        0G   0.01195  0.006026   0.03382    0.0518         1       320    0.2228     0.868    0.4109    0.3381  0.007324  0.003664   0.02751
    20/299        0G   0.01155  0.005952   0.03331   0.05082         3       320    0.2288    0.7502    0.4495    0.3419  0.008126  0.004628   0.02673
    21/299        0G   0.01131   0.00614   0.03334   0.05079         1       320    0.4205    0.6713    0.4937    0.3569  0.008043  0.004571   0.02749
    22/299        0G   0.01132  0.006589   0.03476   0.05267         1       320    0.3485    0.6381    0.4107    0.3241  0.006845  0.004485   0.03012
    23/299        0G   0.01075  0.006369    0.0331   0.05022         1       320    0.1905    0.9318    0.4212    0.3456   0.00746  0.004568   0.02857
    24/299        0G   0.01063  0.006537   0.03301   0.05018         1       320     0.229    0.8073    0.4356    0.3634  0.006864  0.003787   0.02661
    25/299        0G    0.0112  0.006095   0.03287   0.05016         1       320    0.2632    0.8415     0.442    0.3766  0.006627   0.00363   0.02591
    26/299        0G    0.0108   0.00582   0.03194   0.04856         1       320    0.3114    0.7544    0.4594    0.3875  0.006613  0.003499   0.02542
    27/299        0G   0.01096  0.005749   0.03125   0.04795         1       320    0.3299    0.6997    0.4872    0.4042  0.007251  0.003486   0.02493
    28/299        0G   0.01086  0.005469   0.03022   0.04655         1       320    0.3129    0.7833    0.5134    0.4265  0.007414  0.003554   0.02359
    29/299        0G    0.0107  0.005485   0.02973   0.04592         1       320    0.3082    0.8168    0.5108    0.3981  0.009394  0.003967   0.02316
    30/299        0G   0.01105  0.005539   0.02965   0.04624         1       320    0.3298     0.835    0.5526    0.4135   0.01023  0.003485   0.02199
    31/299        0G   0.01107  0.005498   0.02827   0.04484         1       320    0.3376    0.8522    0.5834    0.4703  0.007514  0.003396   0.02124
    32/299        0G   0.01076  0.005427   0.02797   0.04415         1       320    0.3516    0.8875    0.6076    0.4992  0.006979  0.003322   0.02028
    33/299        0G   0.01112  0.005272   0.02788   0.04427         1       320    0.3886    0.7583    0.6061    0.5047  0.006883  0.003255   0.01999
    34/299        0G    0.0113  0.005389   0.02739   0.04407         1       320    0.4395    0.7335    0.6376     0.514  0.007575  0.003203   0.01932
    35/299        0G   0.01119  0.005168   0.02706   0.04341         1       320    0.4394    0.7266    0.6474     0.525  0.008394  0.003338   0.01861
    36/299        0G   0.01066  0.005109   0.02561   0.04139         1       320    0.4505    0.8122    0.6374    0.5301  0.007337  0.003149   0.01888
    37/299        0G   0.01089  0.005137   0.02573   0.04176         1       320    0.4897    0.7677    0.6495    0.5047  0.009628  0.003313   0.01845
    38/299        0G   0.01137  0.005238   0.02582   0.04243         1       320    0.5254    0.7669    0.6675    0.5271  0.008673  0.003313   0.01791
    39/299        0G   0.01098  0.005283   0.02448   0.04074         1       320    0.5647    0.7702    0.7153    0.5709  0.007655   0.00329   0.01692
    40/299        0G   0.01106  0.005192   0.02426   0.04051         1       320    0.5437    0.8006    0.7267    0.5759   0.00781  0.003306    0.0168
    41/299        0G    0.0116  0.005266   0.02464    0.0415         1       320    0.5224     0.884    0.7249    0.5839  0.008739  0.003327   0.01607
    42/299        0G   0.01095  0.005146   0.02378   0.03987         1       320    0.5245    0.8557    0.7294    0.5867  0.008971  0.003134    0.0158
    43/299        0G   0.01142  0.005079   0.02363   0.04013         1       320    0.5772    0.8125    0.7237     0.563   0.01018  0.003259   0.01475
    44/299        0G    0.0107  0.004845   0.02291   0.03845         3       320    0.5639    0.8787    0.7246    0.5891  0.007778  0.003152   0.01508
    45/299        0G    0.0116  0.005245   0.02343   0.04028         2       320    0.5278    0.8176    0.7004    0.5454  0.009394  0.003266   0.01596
    46/299        0G   0.01123  0.005155    0.0225   0.03888         1       320    0.6338    0.7479    0.7786    0.6399  0.007386  0.003086   0.01431
    47/299        0G   0.01099  0.005116   0.02183   0.03794         1       320    0.5836    0.8201    0.7891    0.6381  0.008897  0.003269    0.0131
    48/299        0G   0.01093  0.005071   0.02072   0.03673         1       320    0.7576    0.7588     0.816    0.6932  0.007967  0.003168   0.01296
    49/299        0G   0.01133  0.005153    0.0205   0.03698         1       320    0.6794    0.8759    0.8272    0.6913  0.008356  0.003189   0.01211
    50/299        0G   0.01183  0.004894   0.01936   0.03609         1       320    0.8251    0.7762    0.8699    0.7174  0.008547  0.003103   0.01123
    51/299        0G   0.01123  0.005125   0.02015    0.0365         1       320    0.7303    0.8718    0.8609    0.7103  0.008882  0.003079   0.01186
    52/299        0G   0.01202  0.005094   0.01905   0.03617         3       320    0.8136    0.8415    0.8745    0.6956  0.009575  0.003064   0.01054
    53/299        0G    0.0113  0.004786    0.0179   0.03399         1       320    0.8116    0.8339    0.9018    0.7483   0.00945  0.003186   0.01042
    54/299        0G    0.0118  0.004989   0.01847   0.03526         1       320    0.7752    0.8592     0.886    0.7356  0.009147  0.003185   0.01032
    55/299        0G   0.01143  0.004971   0.01789   0.03429         1       320    0.8614    0.9048    0.9477    0.8059   0.00794  0.003241  0.009322
    56/299        0G   0.01173  0.004927    0.0174   0.03405         1       320    0.8265    0.9049    0.9325    0.7838  0.008785  0.003074  0.009393
    57/299        0G   0.01212  0.004876    0.0163   0.03329         1       320    0.8276    0.8893    0.9135    0.7405  0.009578  0.003116  0.009396
    58/299        0G   0.01155  0.004855   0.01647   0.03288         1       320    0.8924    0.9025    0.9579    0.7715  0.009559  0.003217  0.008249
    59/299        0G   0.01186  0.004975   0.01632   0.03316         1       320    0.9168    0.9397    0.9662    0.7719    0.0107  0.003218  0.006991
    60/299        0G   0.01251  0.005134   0.01586    0.0335         1       320    0.8959     0.907    0.9678    0.7848   0.01022  0.003244  0.008054
    61/299        0G   0.01289  0.004878   0.01546   0.03323         1       320    0.8881    0.9407    0.9493    0.7988   0.01127  0.003285  0.006778
    62/299        0G   0.01306  0.005068    0.0151   0.03322         3       320    0.9389    0.9013    0.9597    0.8075  0.008859  0.003304  0.006135
    63/299        0G   0.01197  0.005167   0.01425   0.03139         4       320    0.9298    0.8766    0.9478    0.7941  0.008775  0.003219  0.006603
    64/299        0G   0.01172  0.005078   0.01397   0.03077         1       320    0.7802    0.8664     0.898    0.7602  0.009033  0.003437  0.007645
    65/299        0G   0.01144    0.0051   0.01501   0.03155         4       320    0.8323    0.9039    0.9134    0.7592    0.0113  0.003395  0.005278
    66/299        0G   0.01247   0.00526   0.01547    0.0332         1       320    0.7708    0.9286     0.922    0.7012   0.01497  0.003493  0.006789
    67/299        0G   0.01188  0.005145   0.01548    0.0325         1       320    0.9355    0.9457    0.9664    0.8021  0.009251  0.003381  0.005308
    68/299        0G   0.01176  0.005093   0.01508   0.03194         1       320    0.9266     0.944    0.9853    0.8315  0.009542  0.003351  0.004647
    69/299        0G   0.01181  0.005034    0.0141   0.03095         1       320    0.8594    0.9559    0.9738    0.7903   0.01064  0.003475  0.004727
    70/299        0G   0.01171  0.005054   0.01228   0.02905         1       320    0.9749    0.9775    0.9933    0.8293  0.008546  0.003295  0.003493
    71/299        0G   0.01233  0.005036   0.01111   0.02847         1       320    0.9617    0.9764    0.9884    0.8245   0.01153    0.0033  0.003529
    72/299        0G   0.01254  0.005154   0.01144   0.02914         1       320    0.9586    0.9444    0.9889    0.8361  0.008181  0.003058  0.004594
    73/299        0G   0.01192  0.005043   0.01159   0.02856         1       320     0.831    0.9493    0.9227    0.7704   0.01148  0.003152  0.003871
    74/299        0G    0.0125  0.004994   0.01086   0.02836         1       320    0.8794    0.9764    0.9406    0.7901   0.01252  0.003243  0.003659
    75/299        0G   0.01222  0.004931  0.009887   0.02704         1       320    0.8853     0.964    0.9446    0.7902   0.01047  0.003144    0.0037
    76/299        0G   0.01286  0.005117   0.01077   0.02875         2       320    0.9137    0.9771    0.9679    0.7868  0.009469   0.00317  0.003548
    77/299        0G   0.01186  0.004946   0.01037   0.02718         1       320    0.9791    0.9904    0.9934    0.8482  0.007751  0.003278  0.003283
    78/299        0G   0.01234  0.005006  0.009932   0.02728         1       320    0.9652    0.9944    0.9914    0.8305   0.00972  0.003125  0.002695
    79/299        0G   0.01228  0.004972  0.009082   0.02634         1       320     0.843    0.9907    0.9428     0.786   0.01179  0.003095  0.003156
    80/299        0G   0.01273  0.005043   0.01027   0.02804         1       320    0.8671    0.9861    0.9426    0.8205    0.0116  0.003152  0.002654
    81/299        0G   0.01224  0.005191  0.009988   0.02742         3       320    0.9827    0.9876    0.9943    0.8573  0.009344   0.00301  0.002931
    82/299        0G   0.01207  0.005063  0.009239   0.02637         1       320    0.9313    0.9955    0.9835    0.8594     0.009  0.002998  0.002278
    83/299        0G   0.01153  0.005008  0.009576   0.02611         1       320    0.9728    0.9952    0.9929    0.8419  0.008087   0.00283    0.0028
    84/299        0G   0.01187  0.004983  0.008802   0.02565         1       320    0.9816    0.9911    0.9938    0.8402  0.008225  0.003066  0.002658
    85/299        0G   0.01177  0.005025  0.009328   0.02612         1       320     0.981    0.9913    0.9943    0.8551  0.009297  0.003017  0.002351
    86/299        0G   0.01182  0.004924  0.008715   0.02546         1       320    0.9207    0.9907    0.9626    0.8411   0.01098  0.002962  0.002068
    87/299        0G   0.01195  0.005031  0.008987   0.02597         4       320    0.9322    0.9877    0.9637    0.8485  0.007675  0.003072  0.002863
    88/299        0G   0.01151  0.004825  0.008691   0.02503         1       320    0.9623    0.9915    0.9864    0.8628   0.01013  0.002948  0.002733
    89/299        0G   0.01195  0.004898   0.00872   0.02557         1       320    0.9833    0.9856    0.9913    0.8434  0.008652   0.00291  0.003028
    90/299        0G    0.0114  0.004824  0.009048   0.02527         1       320    0.9858    0.9891    0.9934    0.8475  0.008921   0.00295   0.00235
    91/299        0G   0.01145  0.004831  0.008884   0.02517         1       320    0.9899    0.9927     0.994    0.8386  0.009225  0.002958  0.002558
    92/299        0G   0.01135   0.00475  0.008709    0.0248         1       320    0.9838    0.9925    0.9949    0.8834  0.007676  0.002987  0.002518
    93/299        0G   0.01097  0.004702   0.00836   0.02403         1       320    0.9755    0.9997    0.9945    0.8779  0.008623  0.002853  0.002501
    94/299        0G   0.01113  0.004792  0.008153   0.02407         1       320    0.9926     0.996    0.9947      0.87  0.007531  0.003008   0.00248
    95/299        0G    0.0106  0.004655  0.008204   0.02346         1       320    0.9869    0.9978     0.994     0.858  0.008625  0.003005  0.001845
    96/299        0G   0.01094  0.004939    0.0093   0.02518         1       320    0.9796    0.9879    0.9902    0.8678   0.00739  0.002978   0.00228
    97/299        0G   0.01055  0.004694  0.008154    0.0234         1       320     0.985    0.9972    0.9948     0.893  0.006692  0.002873  0.001865
    98/299        0G   0.01089  0.004592  0.008126   0.02361         3       320    0.9792    0.9973    0.9942    0.8928    0.0067  0.002727  0.002211
    99/299        0G   0.01057  0.004708  0.008375   0.02365         4       320    0.9866    0.9936     0.994    0.8832  0.007449  0.002875  0.002147
   100/299        0G   0.01107  0.004763  0.008476   0.02431         1       320    0.9827    0.9985     0.994    0.8606  0.008429  0.002932  0.002084
   101/299        0G   0.01061  0.004597  0.008373   0.02358         1       320    0.9616    0.9823    0.9804    0.8801  0.007621  0.002884  0.001904
   102/299        0G   0.01036  0.004642  0.008727   0.02373         1       320    0.9882    0.9859    0.9944    0.8864  0.006928  0.002928  0.002139
   103/299        0G   0.01048  0.004508  0.008091   0.02308         4       320    0.9751    0.9864    0.9934    0.8835  0.007563  0.002816  0.002308
   104/299        0G   0.01049   0.00448  0.007854   0.02283         1       320    0.9847    0.9861    0.9935    0.8952  0.006528  0.002725  0.002364
   105/299        0G   0.01061  0.004739  0.008301   0.02364         1       320    0.9835    0.9949    0.9944    0.8825  0.006949  0.002827  0.002004
   106/299        0G   0.01023  0.004555  0.007999   0.02279         1       320     0.994    0.9897    0.9944    0.8989   0.00647  0.002735  0.001846
   107/299        0G   0.01048  0.004695  0.008006   0.02318         1       320    0.9927    0.9847    0.9943    0.8891  0.007527  0.002775  0.001992
   108/299        0G   0.01021  0.004618  0.008065    0.0229         1       320    0.9789    0.9911    0.9861    0.8923  0.006727  0.002769  0.001864
   109/299        0G    0.0106  0.004502  0.007917   0.02302         1       320    0.9928    0.9937    0.9954    0.8842  0.007687  0.002775  0.002032
   110/299        0G   0.01013   0.00454  0.007909   0.02258         1       320    0.9776    0.9961    0.9912     0.887  0.006131  0.002825  0.002114
   111/299        0G  0.009846  0.004365  0.007532   0.02174         1       320    0.9857    0.9931    0.9947    0.8854  0.006823  0.002781  0.002385
   112/299        0G  0.009844  0.004476  0.007332   0.02165         1       320    0.9873    0.9921    0.9951    0.9065  0.005921   0.00274  0.002157
   113/299        0G    0.0101  0.004516  0.007227   0.02184         1       320    0.9916    0.9903    0.9952    0.8966  0.006456  0.002749  0.002065
   114/299        0G  0.009851  0.004341  0.006852   0.02104         1       320     0.998    0.9903    0.9951    0.9058  0.007731  0.002821  0.001977
   115/299        0G   0.01016  0.004391  0.007662   0.02221         1       320    0.9923    0.9951    0.9953     0.906  0.005976   0.00277  0.002063
   116/299        0G  0.009652  0.004414  0.006881   0.02095         2       320    0.9885    0.9957    0.9952    0.9102  0.006272  0.002795  0.001909
   117/299        0G   0.00981  0.004291  0.006519   0.02062         1       320     0.934     0.997    0.9725    0.8777  0.008064  0.002839  0.001663
   118/299        0G   0.01042  0.004648  0.007276   0.02234         1       320    0.9895    0.9952     0.995     0.904  0.006519  0.002698  0.001974
   119/299        0G      0.01   0.00446  0.007059   0.02152         1       320    0.9889    0.9997     0.995    0.9012  0.006329  0.002671  0.001665
   120/299        0G  0.009768  0.004436  0.007275   0.02148         1       320    0.9913    0.9994    0.9951    0.9021  0.005923  0.002664  0.001609
   121/299        0G  0.009734  0.004424  0.007006   0.02116         2       320    0.9857    0.9999    0.9951    0.9008  0.005858  0.002757  0.001651
   122/299        0G  0.009849  0.004433   0.00668   0.02096         1       320    0.9883    0.9922    0.9954    0.8973  0.007751  0.002831  0.001848
   123/299        0G  0.009826  0.004363  0.006781   0.02097         1       320    0.9966    0.9903    0.9953    0.9049  0.005648  0.002693  0.001821
   124/299        0G  0.009516  0.004402  0.006738   0.02066         2       320    0.9971    0.9983    0.9955    0.9192  0.005425  0.002655   0.00169
   125/299        0G   0.00964  0.004581  0.006959   0.02118         1       320    0.9906    0.9961    0.9953    0.9093  0.005923  0.002694  0.001815
   126/299        0G  0.009449  0.004554  0.006824   0.02083         1       320    0.9896    0.9982    0.9949    0.9139  0.005694   0.00259  0.001597
   127/299        0G  0.009543  0.004404  0.006975   0.02092         1       320    0.9946    0.9961    0.9954    0.9039  0.005832  0.002592  0.001655
   128/299        0G  0.009258  0.004412  0.007025   0.02069         1       320    0.9868    0.9981    0.9953     0.905   0.00565  0.002631  0.001676
   129/299        0G  0.009309  0.004454  0.006233      0.02         1       320    0.9882    0.9946    0.9954    0.9119  0.005544  0.002617  0.001784
   130/299        0G  0.009539  0.004542  0.007316    0.0214         1       320    0.9933    0.9883    0.9955     0.916  0.005149   0.00262  0.001722
   131/299        0G  0.009272  0.004524  0.007002    0.0208         1       320    0.9916    0.9951    0.9955    0.9187  0.005194  0.002639  0.001661
   132/299        0G  0.009439  0.004436  0.006837   0.02071         1       320    0.9826    0.9999    0.9954    0.9094  0.006125  0.002587  0.001683
   133/299        0G  0.009228   0.00446  0.006941   0.02063         1       320    0.9888         1    0.9955    0.9117  0.005161  0.002533  0.001769
   134/299        0G  0.009157  0.004441  0.007054   0.02065         1       320    0.9956    0.9961    0.9954    0.9151  0.004722  0.002486  0.001603
   135/299        0G  0.009569  0.004476  0.006709   0.02075         2       320    0.9946    0.9943    0.9954    0.9194  0.006298  0.002606  0.001621
   136/299        0G  0.008912   0.00431  0.006448   0.01967         2       320    0.9953    0.9958    0.9954    0.9234  0.005917  0.002617  0.001607
   137/299        0G   0.00901  0.004271  0.006728   0.02001         1       320     0.989    0.9976    0.9954    0.9221  0.005209  0.002552  0.001624
   138/299        0G  0.008987  0.004174  0.006531   0.01969         1       320    0.9974    0.9958    0.9955    0.9238  0.005292  0.002552  0.001407
   139/299        0G  0.008862  0.004404  0.006534    0.0198         1       320    0.9936    0.9972    0.9954     0.921  0.005041  0.002589  0.001447
   140/299        0G  0.009121  0.004426  0.007526   0.02107         1       320    0.9913    0.9999    0.9953    0.9264  0.004929  0.002608  0.001547
   141/299        0G  0.009048  0.004299  0.006589   0.01994         1       320    0.9873    0.9967    0.9952    0.9158  0.005205  0.002564  0.001589
   142/299        0G  0.008762  0.004444  0.007304   0.02051         4       320    0.9937    0.9984    0.9953    0.9177  0.004926  0.002489  0.001675
   143/299        0G  0.009122  0.004339  0.006579   0.02004         2       320    0.9933    0.9929    0.9953    0.9171  0.004912  0.002524  0.001616
   144/299        0G  0.009493  0.004354  0.006944   0.02079         1       320    0.9937    0.9976    0.9954     0.913  0.005476   0.00257  0.001725
   145/299        0G  0.008931  0.004375  0.006991    0.0203         1       320    0.9868    0.9997    0.9953     0.909  0.004913  0.002565  0.001571
   146/299        0G  0.009049  0.004412  0.007221   0.02068         1       320    0.9982    0.9892    0.9954     0.909  0.005258  0.002619  0.001571
   147/299        0G  0.009017  0.004315  0.006812   0.02014         1       320    0.9979    0.9901    0.9954    0.9172  0.005016  0.002506  0.001519
   148/299        0G  0.008899  0.004349  0.006648    0.0199         1       320    0.9938    0.9919    0.9953    0.9166   0.00501  0.002508  0.001561
   149/299        0G  0.008925  0.004288  0.006467   0.01968         1       320    0.9931    0.9922    0.9953    0.9223  0.004811  0.002522  0.001703
   150/299        0G  0.009032  0.004261   0.00675   0.02004         2       320    0.9898    0.9949    0.9953    0.9219  0.005166  0.002523  0.001801
   151/299        0G  0.008578  0.004212  0.006519   0.01931         1       320    0.9944    0.9988    0.9955    0.9257  0.005022  0.002513  0.001523
   152/299        0G  0.008536  0.004189  0.005825   0.01855         1       320    0.9918    0.9989    0.9955    0.9227  0.005056  0.002527  0.001393
   153/299        0G  0.008922  0.004212  0.006362    0.0195         4       320    0.9918    0.9996    0.9954    0.9253  0.004906   0.00254  0.001473
   154/299        0G  0.008918  0.004209  0.006106   0.01923         1       320    0.9914    0.9991    0.9955    0.9167  0.005302  0.002584  0.001479
   155/299        0G  0.009043  0.004531  0.006942   0.02052         1       320    0.9902         1    0.9955    0.9157  0.004781  0.002531  0.001526
   156/299        0G  0.008771  0.004404  0.007045   0.02022         1       320    0.9914    0.9999    0.9955    0.9279  0.004477  0.002485  0.001425
   157/299        0G  0.008654  0.004392  0.006828   0.01987         1       320    0.9903         1    0.9955    0.9266  0.004497  0.002486  0.001442
   158/299        0G  0.008642  0.004178  0.005948   0.01877         1       320    0.9905         1    0.9955    0.9178   0.00456  0.002468  0.001474
   159/299        0G  0.008757  0.004172  0.006311   0.01924         1       320    0.9918    0.9965    0.9955    0.9163  0.004508  0.002433  0.001541
   160/299        0G  0.008317  0.004135  0.006278   0.01873         1       320    0.9898         1    0.9955    0.9187   0.00502  0.002479  0.001573
   161/299        0G  0.008806  0.004079  0.006242   0.01913         1       320    0.9924    0.9993    0.9955     0.921  0.004776  0.002517  0.001555
   162/299        0G  0.008483  0.004294  0.006698   0.01947         3       320    0.9922    0.9976    0.9954    0.9193  0.004601  0.002462   0.00147
   163/299        0G  0.008377     0.004  0.006052   0.01843         2       320    0.9912    0.9959    0.9953    0.9239  0.004717  0.002433  0.001433
   164/299        0G  0.008284  0.004115  0.006298    0.0187         1       320    0.9865         1    0.9954    0.9246  0.004592  0.002423  0.001442
   165/299        0G  0.008318  0.004088  0.006412   0.01882         1       320    0.9903    0.9999    0.9955    0.9299  0.004819  0.002432  0.001435
   166/299        0G   0.00801  0.004017  0.005831   0.01786         4       320    0.9896    0.9994    0.9954    0.9413   0.00501  0.002398  0.001498
   167/299        0G  0.008254  0.004158  0.005961   0.01837         1       320    0.9882    0.9993    0.9953    0.9333  0.004391  0.002433  0.001484
   168/299        0G  0.008193  0.004208  0.006059   0.01846         1       320    0.9946    0.9928    0.9954    0.9239  0.004609   0.00242  0.001416
   169/299        0G   0.00837  0.004069  0.005965    0.0184         1       320    0.9897         1    0.9954    0.9337  0.004619  0.002456  0.001377
   170/299        0G  0.007995  0.003983  0.005522    0.0175         1       320    0.9939    0.9981    0.9954    0.9367  0.004408  0.002407  0.001359
   171/299        0G  0.008389  0.004087   0.00603   0.01851         1       320    0.9925    0.9996    0.9954    0.9297  0.004895  0.002426  0.001369
   172/299        0G  0.008026  0.004092  0.005936   0.01805         1       320    0.9917    0.9994    0.9955    0.9336  0.004762  0.002437  0.001369
   173/299        0G  0.008037  0.003975  0.006129   0.01814         1       320    0.9915    0.9997    0.9955    0.9305  0.004429   0.00239  0.001368
   174/299        0G  0.008024    0.0041  0.006386   0.01851         1       320    0.9934    0.9988    0.9955     0.935  0.004431  0.002366  0.001235
   175/299        0G  0.008134  0.004183  0.005919   0.01824         1       320    0.9978     0.994    0.9956    0.9295  0.004415  0.002408  0.001176
   176/299        0G  0.008165  0.004097  0.006303   0.01856         1       320    0.9937    0.9963    0.9955     0.927  0.004312   0.00243  0.001169
   177/299        0G  0.007936  0.004034  0.005801   0.01777         1       320    0.9942    0.9978    0.9955     0.927  0.004404  0.002432  0.001203
   178/299        0G  0.008067  0.004016  0.005898   0.01798         1       320    0.9971    0.9989    0.9956    0.9285  0.004454  0.002408  0.001181
   179/299        0G  0.007803  0.004037  0.005676   0.01751         2       320     0.997    0.9999    0.9956    0.9304  0.004323  0.002412  0.001124
   180/299        0G  0.008023  0.004111  0.006405   0.01854         1       320    0.9976    0.9987    0.9956    0.9278  0.004384  0.002406  0.001092
   181/299        0G  0.007933   0.00402  0.005508   0.01746         1       320    0.9971    0.9999    0.9956    0.9303   0.00455  0.002409  0.001102
   182/299        0G  0.007591  0.004021  0.006101   0.01771         1       320    0.9977    0.9985    0.9956     0.932  0.004254   0.00241  0.001078
   183/299        0G  0.007656  0.004045  0.006019   0.01772         2       320    0.9978    0.9972    0.9956    0.9262  0.004291  0.002392  0.001019
   184/299        0G  0.007939  0.004056  0.005715   0.01771         4       320     0.995         1    0.9955    0.9321  0.004218   0.00237 0.0009878
   185/299        0G  0.007809  0.003945  0.005805   0.01756         1       320    0.9955         1    0.9956    0.9297  0.004305   0.00238  0.001038
   186/299        0G  0.007477  0.004002  0.006036   0.01751         1       320    0.9971    0.9983    0.9956    0.9255  0.004247  0.002391  0.001057
   187/299        0G  0.007798  0.003989  0.005878   0.01766         1       320    0.9935         1    0.9954     0.925  0.004157  0.002386   0.00103
   188/299        0G  0.007662  0.004013  0.006496   0.01817         1       320    0.9934         1    0.9954    0.9239  0.004212  0.002379  0.001052
   189/299        0G  0.007453  0.003871  0.005681   0.01701         2       320    0.9932         1    0.9953    0.9282  0.004295  0.002374  0.001028
   190/299        0G  0.007786  0.003882  0.005714   0.01738         1       320    0.9933         1    0.9954    0.9289  0.004243  0.002389  0.001035
   191/299        0G  0.007639  0.003926  0.005313   0.01688         1       320    0.9928         1    0.9954    0.9337  0.004166  0.002361   0.00104
   192/299        0G  0.007482  0.003924  0.005537   0.01694         1       320    0.9929         1    0.9954    0.9327  0.004208  0.002348  0.001031
   193/299        0G  0.007602  0.003864  0.005341   0.01681         1       320     0.993         1    0.9953    0.9292  0.004174  0.002381  0.001067
   194/299        0G   0.00801  0.003863   0.00571   0.01758         1       320    0.9937         1    0.9954    0.9274  0.004131  0.002409  0.001079
   195/299        0G    0.0079  0.003863   0.00559   0.01735         1       320     0.995         1    0.9955    0.9338  0.004176  0.002411  0.001079
   196/299        0G  0.008025  0.003925  0.005423   0.01737         1       320    0.9985    0.9998    0.9955    0.9349  0.004073  0.002404  0.001052
   197/299        0G  0.008038  0.003899  0.005517   0.01745         1       320    0.9943         1    0.9955    0.9309  0.004116  0.002394  0.001042
   198/299        0G  0.007958  0.003923  0.005522    0.0174         1       320    0.9938         1    0.9955    0.9345  0.004143  0.002378  0.001032
   199/299        0G  0.007932  0.003966  0.006019   0.01792         1       320    0.9934         1    0.9955    0.9345  0.004116  0.002388  0.001047
   200/299        0G  0.007784  0.003915  0.005572   0.01727         1       320    0.9938         1    0.9955     0.935  0.004006  0.002364   0.00106
   201/299        0G  0.007728  0.003801   0.00541   0.01694         1       320    0.9941         1    0.9955    0.9405  0.004025  0.002368  0.001047
   202/299        0G    0.0077  0.003929  0.006101   0.01773         1       320    0.9934         1    0.9954    0.9385  0.004025  0.002393  0.001044
   203/299        0G  0.007414  0.003888  0.005863   0.01717         1       320    0.9933         1    0.9954    0.9359  0.004029  0.002402  0.001016
   204/299        0G  0.007636  0.003943  0.005953   0.01753         1       320    0.9936         1    0.9954    0.9401  0.004045  0.002396 0.0009705
   205/299        0G  0.007612  0.004002  0.005819   0.01743         1       320    0.9973         1    0.9956     0.936  0.004065  0.002404  0.000958
   206/299        0G  0.007926  0.003902  0.005502   0.01733         4       320    0.9983         1    0.9956    0.9341  0.004072  0.002396 0.0009604
   207/299        0G  0.007327  0.003807  0.005338   0.01647         1       320    0.9976         1    0.9956    0.9341  0.004003  0.002379 0.0009433
   208/299        0G  0.007146  0.003725  0.005224   0.01609         4       320    0.9982     0.997    0.9955    0.9326  0.004042  0.002379 0.0009256
   209/299        0G  0.007353  0.003733  0.005075   0.01616         1       320    0.9971    0.9964    0.9955    0.9361  0.004098  0.002374 0.0009246
   210/299        0G  0.007487  0.003828  0.005684     0.017         1       320    0.9985    0.9949    0.9954    0.9363  0.004017   0.00237 0.0009351
   211/299        0G  0.007379  0.003713   0.00518   0.01627         1       320    0.9984    0.9937    0.9954    0.9323  0.003969   0.00235 0.0009326
   212/299        0G  0.007176  0.003717  0.005323   0.01622         1       320    0.9945    0.9966    0.9954    0.9346  0.003999  0.002334 0.0009209
   213/299        0G  0.007382  0.003798  0.005593   0.01677         1       320    0.9947     0.997    0.9954    0.9337  0.004038  0.002334 0.0009207
   214/299        0G  0.007285  0.003785  0.005158   0.01623         1       320    0.9951    0.9968    0.9954    0.9356  0.003909  0.002328 0.0009234
   215/299        0G  0.007784  0.003893  0.005448   0.01713         1       320    0.9952     0.997    0.9955    0.9366  0.003854  0.002316 0.0009226
   216/299        0G   0.00726   0.00374  0.005171   0.01617         1       320    0.9964    0.9962    0.9954    0.9373  0.003894  0.002312 0.0008992
   217/299        0G  0.007547  0.003876  0.005959   0.01738         1       320    0.9971    0.9958    0.9955    0.9357  0.003867  0.002314 0.0008853
   218/299        0G  0.007162  0.003838   0.00517   0.01617         1       320    0.9975    0.9955    0.9955    0.9359  0.003833  0.002307 0.0008844
   219/299        0G  0.006973  0.003709  0.005374   0.01606         1       320    0.9971    0.9953    0.9955    0.9362  0.003825  0.002303 0.0008738
   220/299        0G  0.007106  0.003767  0.005496   0.01637         1       320    0.9953     0.997    0.9955    0.9391   0.00388  0.002314 0.0008775
   221/299        0G  0.006849  0.003719  0.005463   0.01603         1       320     0.996     0.997    0.9955    0.9372  0.003903  0.002329 0.0008753
   222/299        0G  0.007025  0.003864  0.005955   0.01684         1       320    0.9957     0.997    0.9955    0.9383   0.00387  0.002325  0.000868
   223/299        0G  0.007159  0.003784  0.005045   0.01599         1       320    0.9951     0.997    0.9955    0.9395  0.003862  0.002316  0.000861
   224/299        0G  0.006981  0.003717  0.004706    0.0154         1       320    0.9919         1    0.9955    0.9401  0.003846  0.002326 0.0008571
   225/299        0G  0.007036  0.003797  0.005585   0.01642         4       320     0.993         1    0.9955      0.94  0.003826  0.002324 0.0008482
   226/299        0G  0.007121  0.003841  0.005363   0.01633         1       320    0.9931         1    0.9955    0.9414  0.003792  0.002325 0.0008549
   227/299        0G  0.007555  0.003958  0.006213   0.01773         1       320    0.9969     0.997    0.9955    0.9409  0.003767   0.00232 0.0008625
   228/299        0G  0.006931  0.003682  0.005534   0.01615         1       320    0.9976     0.996    0.9955    0.9396   0.00376  0.002327 0.0008706
   229/299        0G  0.006988  0.003694  0.005042   0.01572         1       320    0.9974     0.997    0.9955    0.9397   0.00382  0.002337 0.0008625
   230/299        0G  0.007177  0.003785   0.00557   0.01653         4       320    0.9972     0.997    0.9955    0.9385  0.003816  0.002333 0.0008558
   231/299        0G   0.00661  0.003621  0.005121   0.01535         1       320    0.9921         1    0.9955    0.9379  0.003817  0.002338 0.0008546
   232/299        0G  0.006745  0.003614  0.005113   0.01547         1       320     0.992         1    0.9955    0.9368  0.003804  0.002343 0.0008385
   233/299        0G  0.006969  0.003762  0.005464    0.0162         1       320    0.9923         1    0.9955    0.9371  0.003825  0.002343 0.0008227
   234/299        0G  0.006817  0.003725  0.005029   0.01557         1       320    0.9921         1    0.9955    0.9361    0.0038   0.00234 0.0007995
   235/299        0G    0.0069  0.003647  0.005303   0.01585         1       320     0.992         1    0.9955    0.9373  0.003773  0.002327 0.0007854
   236/299        0G  0.006771  0.003692  0.004972   0.01544         1       320    0.9919         1    0.9955    0.9362   0.00379  0.002324 0.0007697
   237/299        0G  0.006718  0.003665  0.005068   0.01545         4       320     0.996     0.997    0.9955    0.9379   0.00378  0.002315 0.0007517
   238/299        0G  0.006608  0.003689  0.004735   0.01503         1       320    0.9962     0.997    0.9955      0.94  0.003765  0.002307 0.0007451
   239/299        0G  0.006965  0.003636  0.005275   0.01588         1       320    0.9964     0.997    0.9955    0.9373  0.003745  0.002297 0.0007385
   240/299        0G  0.006796  0.003679  0.005159   0.01563         4       320    0.9964     0.997    0.9955    0.9374  0.003739   0.00229 0.0007302
   241/299        0G  0.006672  0.003737  0.004921   0.01533         1       320     0.997     0.997    0.9955    0.9392  0.003721  0.002293 0.0007162
   242/299        0G  0.006409  0.003477  0.004872   0.01476         1       320    0.9973     0.997    0.9955    0.9396   0.00371  0.002301 0.0007095
   243/299        0G  0.006622  0.003588   0.00486   0.01507         1       320    0.9976     0.997    0.9955    0.9416  0.003723  0.002308 0.0007095
   244/299        0G  0.006746  0.003673  0.005131   0.01555         1       320     0.998     0.997    0.9955    0.9425  0.003724  0.002305 0.0007097
   245/299        0G  0.006749  0.003732   0.00539   0.01587         1       320    0.9983     0.997    0.9955    0.9427  0.003726  0.002301 0.0007016
   246/299        0G  0.006711  0.003867  0.005761   0.01634         1       320    0.9978     0.997    0.9955    0.9405  0.003702  0.002302 0.0006923
   247/299        0G  0.006302  0.003595  0.004929   0.01483         1       320    0.9977     0.997    0.9955     0.939  0.003705  0.002311 0.0006878
   248/299        0G  0.006574  0.003529  0.004989   0.01509         1       320    0.9979     0.997    0.9955    0.9376  0.003697  0.002307 0.0006843
   249/299        0G  0.006732  0.003622  0.005024   0.01538         1       320    0.9983    0.9959    0.9955    0.9377  0.003688  0.002307 0.0006807
   250/299        0G  0.006998  0.003716  0.005293   0.01601         1       320    0.9985    0.9954    0.9955    0.9375  0.003714  0.002307 0.0006779
   251/299        0G  0.006752  0.003639  0.005229   0.01562         1       320    0.9973     0.994    0.9955    0.9383  0.003722  0.002312 0.0006791
   252/299        0G  0.006487  0.003544  0.005509   0.01554         1       320    0.9973     0.994    0.9955    0.9367  0.003721  0.002314 0.0006768
   253/299        0G   0.00651  0.003582   0.00494   0.01503         1       320    0.9974     0.994    0.9955    0.9378   0.00372  0.002311 0.0006707
   254/299        0G  0.006457  0.003514  0.004793   0.01476         1       320    0.9974     0.994    0.9955    0.9379  0.003718   0.00231  0.000657
   255/299        0G  0.006729  0.003776  0.005255   0.01576         4       320    0.9973     0.994    0.9955    0.9367  0.003726  0.002308 0.0006475
   256/299        0G  0.006544  0.003791  0.005406   0.01574         3       320    0.9971     0.994    0.9955    0.9371  0.003713  0.002304 0.0006404
   257/299        0G  0.006715  0.003743  0.005343    0.0158         1       320    0.9913         1    0.9955    0.9372  0.003713    0.0023 0.0006296
   258/299        0G  0.006198  0.003585  0.004925   0.01471         1       320    0.9967     0.997    0.9955    0.9375  0.003706  0.002297 0.0006184
   259/299        0G  0.006501  0.003675  0.004906   0.01508         1       320    0.9967     0.997    0.9955    0.9384  0.003699  0.002295 0.0006054
   260/299        0G  0.006625  0.003558  0.004838   0.01502         4       320    0.9926         1    0.9955    0.9385  0.003701  0.002286  0.000597
   261/299        0G  0.006818  0.003735  0.005508   0.01606         1       320    0.9928         1    0.9955    0.9385  0.003689  0.002277 0.0005945
   262/299        0G  0.006343  0.003481  0.004681   0.01451         1       320    0.9929         1    0.9955     0.939   0.00368  0.002278 0.0005984
   263/299        0G  0.006441   0.00374  0.005347   0.01553         4       320     0.993         1    0.9955    0.9393  0.003684  0.002276 0.0006018
   264/299        0G  0.006333  0.003521  0.004964   0.01482         1       320    0.9931         1    0.9955    0.9406   0.00368  0.002272 0.0005998
   265/299        0G  0.006203  0.003452  0.004573   0.01423         1       320    0.9931         1    0.9955    0.9419  0.003665  0.002264 0.0005972
   266/299        0G  0.006511  0.003622  0.005053   0.01519         1       320    0.9931         1    0.9955    0.9427  0.003671   0.00226 0.0005952
   267/299        0G  0.006817  0.003868    0.0058   0.01648         4       320    0.9929         1    0.9955    0.9414  0.003671  0.002255 0.0005949
   268/299        0G  0.006276  0.003477  0.004736   0.01449         4       320    0.9929         1    0.9955    0.9419  0.003672  0.002255 0.0005926
   269/299        0G  0.006409  0.003578  0.005117    0.0151         1       320     0.993         1    0.9955    0.9396  0.003678  0.002256 0.0005914
   270/299        0G  0.006036   0.00347  0.004648   0.01415         1       320    0.9929         1    0.9955    0.9392   0.00367  0.002256 0.0005923
   271/299        0G  0.006046  0.003434  0.004813   0.01429         4       320     0.993    0.9999    0.9955    0.9392  0.003671  0.002256 0.0005933
   272/299        0G  0.006327  0.003557  0.005176   0.01506         1       320    0.9931    0.9996    0.9955    0.9385  0.003672  0.002258  0.000596
   273/299        0G  0.006482  0.003621  0.005176   0.01528         1       320    0.9972    0.9955    0.9955    0.9381  0.003678  0.002259 0.0005952
   274/299        0G  0.006089  0.003465  0.004582   0.01414         1       320    0.9973    0.9954    0.9955    0.9385  0.003681  0.002258 0.0005925
   275/299        0G  0.006398  0.003543   0.00498   0.01492         1       320    0.9972    0.9954    0.9955    0.9368  0.003668  0.002253 0.0005884
   276/299        0G  0.006404  0.003605  0.005196   0.01521         1       320    0.9973    0.9953    0.9955    0.9365  0.003668  0.002249 0.0005872
   277/299        0G  0.006478  0.003574   0.00514   0.01519         4       320    0.9974    0.9953    0.9955    0.9372  0.003668  0.002245 0.0005855
   278/299        0G  0.006407  0.003658  0.005254   0.01532         1       320    0.9974    0.9952    0.9955    0.9376  0.003674   0.00224   0.00058
   279/299        0G  0.006284  0.003609  0.004804    0.0147         1       320    0.9974    0.9952    0.9955     0.937  0.003672  0.002237 0.0005735
   280/299        0G  0.006524  0.003789  0.005289    0.0156         1       320    0.9975    0.9951    0.9955     0.938  0.003673  0.002239 0.0005685
   281/299        0G  0.006281  0.003528  0.004845   0.01465         1       320    0.9975    0.9951    0.9955    0.9373  0.003676  0.002236 0.0005615
   282/299        0G  0.006237  0.003709  0.005013   0.01496         2       320    0.9976     0.995    0.9955    0.9374  0.003679  0.002235 0.0005563
   283/299        0G  0.006496  0.003583   0.00495   0.01503         1       320    0.9977     0.995    0.9955    0.9375  0.003684  0.002237 0.0005526
   284/299        0G  0.006332  0.003617  0.004858   0.01481         1       320    0.9966    0.9986    0.9956     0.938  0.003679  0.002235 0.0005493
   285/299        0G  0.006091  0.003552   0.00495   0.01459         1       320    0.9967    0.9985    0.9956    0.9381  0.003687  0.002239 0.0005466
   286/299        0G  0.006273  0.003674  0.005297   0.01524         3       320    0.9968    0.9983    0.9956    0.9388  0.003682  0.002241 0.0005459
   287/299        0G  0.006063  0.003536   0.00503   0.01463         1       320    0.9969    0.9981    0.9956    0.9382  0.003686  0.002241  0.000544
   288/299        0G  0.005898   0.00349  0.004442   0.01383         1       320     0.997    0.9982    0.9956    0.9392  0.003682   0.00224   0.00054
   289/299        0G  0.005995   0.00361  0.004685   0.01429         1       320     0.997    0.9982    0.9956    0.9378  0.003678  0.002238 0.0005336
   290/299        0G  0.006001  0.003484  0.004536   0.01402         1       320    0.9971    0.9982    0.9956    0.9378  0.003671  0.002239 0.0005278
   291/299        0G  0.006164  0.003544  0.004942   0.01465         3       320    0.9971    0.9982    0.9956    0.9383  0.003669  0.002237  0.000524
   292/299        0G  0.005992  0.003404  0.004592   0.01399         1       320    0.9972    0.9981    0.9956    0.9383  0.003664  0.002237 0.0005211
   293/299        0G  0.006119  0.003554  0.004451   0.01412         1       320    0.9972    0.9981    0.9956    0.9389  0.003663  0.002239 0.0005182
   294/299        0G   0.00613  0.003529  0.004721   0.01438         1       320    0.9973     0.998    0.9956    0.9389   0.00366  0.002242 0.0005161
   295/299        0G  0.006341   0.00357  0.004861   0.01477         1       320    0.9973     0.998    0.9956    0.9398  0.003661  0.002245 0.0005131
   296/299        0G  0.006481   0.00369  0.004849   0.01502         1       320    0.9973     0.998    0.9956    0.9399  0.003659  0.002245 0.0005117
   297/299        0G  0.006519  0.003607   0.00437    0.0145         3       320    0.9972     0.998    0.9956    0.9391  0.003666  0.002247 0.0005114
   298/299        0G   0.00654  0.003682  0.004994   0.01522         1       320    0.9971    0.9981    0.9956    0.9383  0.003666  0.002246 0.0005113
   299/299        0G   0.00591  0.003557  0.004573   0.01404         4       320    0.9971     0.998    0.9956    0.9387  0.003663  0.002247 0.0005105
